7450-776862
OS REV: 1.05 Sensor Cal: 1635265168
Time (sec),  BV (Volts),  T (deg C),  DO (mg/l),  Q ()
1661210040,+3.53,+20.355,+13.989,+0.967
1661210640,+3.53,+20.364,+13.938,+0.965
1661211240,+3.53,+20.372,+13.912,+0.966
1661211840,+3.53,+20.380,+13.853,+0.966
1661212440,+3.53,+20.414,+13.805,+0.966
1661213040,+3.53,+20.422,+13.799,+0.966
1661213640,+3.53,+20.447,+13.778,+0.965
1661214240,+3.53,+20.447,+13.723,+0.966
1661214840,+3.53,+20.447,+13.957,+0.967
1661215440,+3.53,+20.464,+14.243,+0.966
1661216040,+3.53,+20.489,+14.236,+0.965
1661216640,+3.53,+20.481,+14.128,+0.967
1661217240,+3.53,+20.481,+14.083,+0.966
1661217840,+3.53,+20.489,+14.086,+0.966
1661218440,+3.53,+20.506,+14.159,+0.967
1661219040,+3.53,+20.531,+14.160,+0.967
1661219640,+3.53,+20.556,+13.917,+0.966
1661220240,+3.53,+20.523,+12.278,+0.965
1661220840,+3.53,+20.531,+10.471,+0.965
1661221440,+3.53,+20.539, +9.798,+0.963
1661222040,+3.53,+20.531, +9.417,+0.964
1661222640,+3.53,+20.523, +9.069,+0.964
1661223240,+3.53,+20.548, +8.744,+0.963
1661223840,+3.53,+20.539, +8.420,+0.963
1661224440,+3.53,+20.514, +8.234,+0.964
1661225040,+3.53,+20.556, +8.073,+0.963
1661225640,+3.53,+20.523, +7.936,+0.963
1661226240,+3.53,+20.514, +7.916,+0.964
1661226840,+3.53,+20.514, +7.941,+0.963
1661227440,+3.53,+20.498, +7.742,+0.963
1661228040,+3.53,+20.498, +7.715,+0.964
1661228640,+3.53,+20.489, +7.614,+0.964
1661229240,+3.53,+20.481, +7.707,+0.964
1661229840,+3.53,+20.456, +7.674,+0.964
1661230440,+3.53,+20.456, +7.491,+0.964
1661231040,+3.53,+20.464, +7.525,+0.963
1661231640,+3.53,+20.456, +7.566,+0.964
1661232240,+3.53,+20.447, +7.532,+0.964
1661232840,+3.53,+20.439, +7.513,+0.963
1661233440,+3.53,+20.439, +7.384,+0.963
1661234040,+3.53,+20.414, +7.514,+0.963
1661234640,+3.53,+20.431, +7.496,+0.963
1661235240,+3.53,+20.431, +7.593,+0.963
1661235840,+3.53,+20.439, +7.487,+0.963
1661236440,+3.53,+20.422, +7.330,+0.964
1661237040,+3.53,+20.414, +7.216,+0.963
1661237640,+3.53,+20.439, +7.163,+0.963
1661238240,+3.53,+20.439, +7.273,+0.963
1661238840,+3.53,+20.414, +7.181,+0.963
1661239440,+3.53,+20.431, +7.000,+0.963
1661240040,+3.53,+20.406, +7.014,+0.963
1661240640,+3.53,+20.422, +6.935,+0.964
1661241240,+3.53,+20.414, +7.047,+0.963
1661241840,+3.53,+20.422, +6.929,+0.964
1661242440,+3.53,+20.414, +6.862,+0.964
1661243040,+3.53,+20.414, +6.873,+0.963
1661243640,+3.53,+20.406, +6.784,+0.963
1661244240,+3.53,+20.389, +6.686,+0.963
1661244840,+3.53,+20.380, +6.737,+0.963
1661245440,+3.53,+20.380, +6.762,+0.963
1661246040,+3.53,+20.364, +6.681,+0.963
1661246640,+3.53,+20.389, +6.607,+0.963
1661247240,+3.53,+20.364, +6.743,+0.963
1661247840,+3.53,+20.330, +6.604,+0.964
1661248440,+3.53,+20.347, +6.518,+0.963
1661249040,+3.53,+20.347, +6.399,+0.963
1661249640,+3.53,+20.347, +6.596,+0.963
1661250240,+3.53,+20.322, +6.424,+0.964
1661250840,+3.53,+20.347, +6.418,+0.963
1661251440,+3.53,+20.330, +6.563,+0.964
1661252040,+3.53,+20.347, +6.778,+0.963
1661252640,+3.53,+20.347, +6.684,+0.963
1661253240,+3.53,+20.380, +6.610,+0.963
1661253840,+3.53,+20.364, +6.667,+0.963
1661254440,+3.53,+20.464, +9.069,+0.964
1661255040,+3.53,+20.464,+10.757,+0.965
1661255640,+3.53,+20.489,+11.736,+0.965
1661256240,+3.53,+20.531,+12.374,+0.965
1661256840,+3.53,+20.548,+12.559,+0.965
1661257440,+3.53,+20.573,+12.787,+0.965
1661258040,+3.53,+20.565,+12.913,+0.965
1661258640,+3.53,+20.598,+12.842,+0.966
1661259240,+3.53,+20.581,+13.125,+0.965
1661259840,+3.53,+20.565,+13.438,+0.966
1661260440,+3.53,+20.565,+13.492,+0.966
1661261040,+3.53,+20.514,+13.560,+0.966
1661261640,+3.53,+20.498,+13.571,+0.966
1661262240,+3.53,+20.456,+13.673,+0.967
1661262840,+3.53,+20.414,+13.725,+0.966
1661263440,+3.53,+20.389,+13.769,+0.966
1661264040,+3.53,+20.330,+13.879,+0.966
1661264640,+3.53,+20.322,+13.679,+0.967
1661265240,+3.53,+20.313,+13.790,+0.965
1661265840,+3.53,+20.330,+13.937,+0.966
1661266440,+3.53,+20.330,+14.249,+0.966
1661267040,+3.53,+20.355,+14.253,+0.967
1661267640,+3.53,+20.372,+14.100,+0.966
1661268240,+3.53,+20.389,+13.915,+0.965
1661268840,+3.53,+20.422,+13.877,+0.966
1661269440,+3.53,+20.439,+13.985,+0.965
1661270040,+3.53,+20.464,+14.170,+0.966
1661270640,+3.53,+20.481,+14.349,+0.967
1661271240,+3.53,+20.514,+14.418,+0.966
1661271840,+3.53,+20.531,+14.367,+0.966
1661272440,+3.53,+20.573,+14.512,+0.967
1661273040,+3.53,+20.598,+14.422,+0.966
1661273640,+3.53,+20.632,+14.250,+0.967
1661274240,+3.53,+20.648,+14.409,+0.966
1661274840,+3.53,+20.682,+14.470,+0.968
1661275440,+3.53,+20.682,+14.386,+0.966
1661276040,+3.53,+20.715,+14.168,+0.965
1661276640,+3.53,+20.699,+14.214,+0.966
1661277240,+3.53,+20.699,+14.220,+0.966
1661277840,+3.53,+20.690,+14.262,+0.967
1661278440,+3.53,+20.682,+14.346,+0.967
1661279040,+3.53,+20.657,+14.408,+0.967
1661279640,+3.53,+20.606,+14.418,+0.967
1661280240,+3.53,+20.565,+14.453,+0.966
1661280840,+3.53,+20.523,+14.559,+0.967
1661281440,+3.53,+20.506,+14.575,+0.965
1661282040,+3.53,+20.464,+14.692,+0.968
1661282640,+3.53,+20.414,+14.601,+0.967
1661283240,+3.53,+20.406,+14.276,+0.966
1661283840,+3.53,+20.422,+14.301,+0.966
1661284440,+3.53,+20.414,+14.425,+0.967
1661285040,+3.53,+20.431,+14.445,+0.967
1661285640,+3.53,+20.464,+14.308,+0.966
1661286240,+3.53,+20.481,+14.263,+0.966
1661286840,+3.53,+20.481,+14.279,+0.966
1661287440,+3.53,+20.506,+14.432,+0.967
1661288040,+3.53,+20.539,+14.511,+0.967
1661288640,+3.53,+20.565,+14.666,+0.967
1661289240,+3.53,+20.590,+14.703,+0.966
1661289840,+3.53,+20.606,+14.671,+0.967
1661290440,+3.53,+20.615,+14.585,+0.966
1661291040,+3.53,+20.665,+14.656,+0.967
1661291640,+3.53,+20.665,+14.663,+0.968
1661292240,+3.53,+20.715,+14.483,+0.967
1661292840,+3.53,+20.724,+14.285,+0.966
1661293440,+3.53,+20.740,+14.292,+0.966
1661294040,+3.53,+20.749,+14.292,+0.965
1661294640,+3.53,+20.740,+14.444,+0.966
1661295240,+3.53,+20.715,+14.429,+0.966
1661295840,+3.53,+20.699,+14.446,+0.966
1661296440,+3.53,+20.673,+14.384,+0.966
