7450-776862
OS REV: 1.05 Sensor Cal: 1635265168
Time (sec),  BV (Volts),  T (deg C),  DO (mg/l),  Q ()
1659731040,+3.53,+20.556,+12.355,+0.961
1659731640,+3.53,+20.573,+12.473,+0.963
1659732240,+3.53,+20.598,+12.340,+0.960
1659732840,+3.53,+20.590,+12.384,+0.962
1659733440,+3.53,+20.606,+12.539,+0.962
1659734040,+3.53,+20.623,+12.407,+0.962
1659734640,+3.53,+20.606,+12.444,+0.961
1659735240,+3.53,+20.657,+12.303,+0.962
1659735840,+3.53,+20.640,+12.380,+0.962
1659736440,+3.53,+20.632,+12.541,+0.962
1659737040,+3.53,+20.598,+12.528,+0.962
1659737640,+3.53,+20.573,+12.460,+0.961
1659738240,+3.53,+20.539,+12.554,+0.962
1659738840,+3.53,+20.506,+12.711,+0.962
1659739440,+3.53,+20.447,+12.697,+0.962
1659740040,+3.53,+20.422,+12.768,+0.962
1659740640,+3.53,+20.380,+12.703,+0.962
1659741240,+3.53,+20.347,+12.648,+0.962
1659741840,+3.53,+20.305,+12.574,+0.962
1659742440,+3.53,+20.313,+12.573,+0.962
1659743040,+3.53,+20.313,+12.689,+0.962
1659743640,+3.53,+20.313,+12.689,+0.962
1659744240,+3.53,+20.322,+12.716,+0.962
1659744840,+3.53,+20.339,+12.596,+0.962
1659745440,+3.53,+20.339,+12.568,+0.962
1659746040,+3.53,+20.339,+12.559,+0.961
1659746640,+3.53,+20.347,+12.629,+0.963
1659747240,+3.53,+20.364,+12.532,+0.962
1659747840,+3.53,+20.355,+12.495,+0.963
1659748440,+3.53,+20.355,+12.598,+0.962
1659749040,+3.53,+20.389,+12.542,+0.962
1659749640,+3.53,+20.380,+12.513,+0.962
1659750240,+3.53,+20.389,+12.484,+0.962
1659750840,+3.53,+20.380,+12.504,+0.962
1659751440,+3.53,+20.339,+12.230,+0.963
1659752040,+3.53,+20.322,+11.933,+0.962
1659752640,+3.53,+20.322,+11.728,+0.962
1659753240,+3.53,+20.297,+11.691,+0.961
1659753840,+3.53,+20.322,+11.555,+0.961
1659754440,+3.53,+20.313,+11.487,+0.961
1659755040,+3.53,+20.305,+11.427,+0.961
1659755640,+3.53,+20.297,+11.390,+0.961
1659756240,+3.53,+20.280,+11.427,+0.961
1659756840,+3.53,+20.263,+11.448,+0.962
1659757440,+3.53,+20.255,+11.370,+0.962
1659758040,+3.53,+20.246,+11.383,+0.962
1659758640,+3.53,+20.246,+11.318,+0.962
1659759240,+3.53,+20.230,+11.207,+0.961
1659759840,+3.53,+20.255,+11.145,+0.962
1659760440,+3.53,+20.213,+11.021,+0.961
1659761040,+3.53,+20.213,+11.136,+0.961
1659761640,+3.53,+20.196,+11.102,+0.962
1659762240,+3.53,+20.205,+11.133,+0.962
1659762840,+3.53,+20.213,+11.101,+0.961
1659763440,+3.53,+20.196,+11.036,+0.961
1659764040,+3.53,+20.179,+11.060,+0.961
1659764640,+3.53,+20.179,+11.019,+0.962
1659765240,+3.53,+20.179,+10.997,+0.961
1659765840,+3.53,+20.146,+10.923,+0.961
1659766440,+3.53,+20.138,+10.914,+0.960
1659767040,+3.53,+20.129,+10.857,+0.962
1659767640,+3.53,+20.112,+10.856,+0.961
1659768240,+3.53,+20.138,+10.881,+0.961
1659768840,+3.53,+20.121,+10.957,+0.962
1659769440,+3.53,+20.138,+10.918,+0.961
1659770040,+3.53,+20.121,+10.853,+0.962
1659770640,+3.53,+20.104,+10.779,+0.961
1659771240,+3.53,+20.087,+10.830,+0.961
1659771840,+3.53,+20.079,+10.667,+0.961
1659772440,+3.53,+20.079,+10.710,+0.961
1659773040,+3.53,+20.096,+10.579,+0.962
1659773640,+3.53,+20.071,+10.615,+0.961
1659774240,+3.53,+20.037,+10.535,+0.961
1659774840,+3.53,+20.020,+10.483,+0.961
1659775440,+3.53,+20.037,+10.421,+0.961
1659776040,+3.53,+20.029,+10.454,+0.961
1659776640,+3.53,+20.029,+10.407,+0.961
1659777240,+3.53,+20.029,+10.437,+0.961
1659777840,+3.53,+20.012,+10.420,+0.961
1659778440,+3.53,+20.020,+10.228,+0.961
1659779040,+3.53,+20.012,+10.250,+0.961
1659779640,+3.53,+20.012,+10.313,+0.961
1659780240,+3.53,+19.995,+10.256,+0.962
1659780840,+3.53,+20.012,+10.209,+0.960
1659781440,+3.53,+19.987,+10.105,+0.961
1659782040,+3.53,+19.987,+10.195,+0.960
1659782640,+3.53,+19.987, +9.944,+0.961
1659783240,+3.53,+19.987, +9.986,+0.961
1659783840,+3.53,+19.978, +9.954,+0.960
1659784440,+3.53,+19.995, +9.986,+0.961
1659785040,+3.53,+19.978,+10.040,+0.961
1659785640,+3.53,+20.037,+10.446,+0.961
1659786240,+3.53,+20.054,+10.761,+0.961
1659786840,+3.53,+20.062,+10.836,+0.961
1659787440,+3.53,+20.087,+10.970,+0.961
1659788040,+3.53,+20.121,+11.061,+0.961
1659788640,+3.53,+20.146,+11.147,+0.961
1659789240,+3.53,+20.171,+11.213,+0.961
1659789840,+3.53,+20.205,+11.229,+0.962
1659790440,+3.53,+20.213,+11.334,+0.962
1659791040,+3.53,+20.238,+11.328,+0.961
1659791640,+3.53,+20.280,+11.347,+0.961
1659792240,+3.53,+20.288,+11.391,+0.961
1659792840,+3.53,+20.322,+11.386,+0.961
1659793440,+3.53,+20.380,+11.450,+0.961
1659794040,+3.53,+20.364,+11.438,+0.962
1659794640,+3.53,+20.372,+11.396,+0.961
1659795240,+3.53,+20.397,+11.559,+0.962
1659795840,+3.53,+20.431,+11.562,+0.961
1659796440,+3.53,+20.456,+11.565,+0.962
1659797040,+3.53,+20.456,+11.621,+0.961
1659797640,+3.53,+20.473,+11.646,+0.961
1659798240,+3.53,+20.489,+11.599,+0.961
1659798840,+3.53,+20.498,+11.658,+0.962
1659799440,+3.53,+20.506,+11.774,+0.962
1659800040,+3.53,+20.514,+11.705,+0.962
1659800640,+3.53,+20.539,+11.751,+0.963
1659801240,+3.53,+20.548,+11.769,+0.962
1659801840,+3.53,+20.539,+11.768,+0.962
1659802440,+3.53,+20.573,+11.666,+0.962
1659803040,+3.53,+20.573,+11.723,+0.962
1659803640,+3.53,+20.598,+11.684,+0.962
1659804240,+3.53,+20.615,+11.847,+0.962
1659804840,+3.53,+20.615,+11.847,+0.962
1659805440,+3.53,+20.632,+11.811,+0.962
1659806040,+3.53,+20.640,+11.775,+0.962
1659806640,+3.53,+20.632,+11.928,+0.962
1659807240,+3.53,+20.606,+12.022,+0.961
1659807840,+3.53,+20.598,+12.025,+0.963
1659808440,+3.53,+20.581,+12.012,+0.963
1659809040,+3.53,+20.539,+12.150,+0.962
1659809640,+3.53,+20.498,+12.175,+0.962
1659810240,+3.53,+20.473,+12.209,+0.963
1659810840,+3.53,+20.447,+12.223,+0.961
1659811440,+3.53,+20.389,+12.249,+0.962
1659812040,+3.53,+20.364,+12.283,+0.962
1659812640,+3.53,+20.330,+12.174,+0.962
1659813240,+3.53,+20.313,+12.220,+0.962
1659813840,+3.53,+20.339,+12.297,+0.962
1659814440,+3.53,+20.305,+12.283,+0.962
1659815040,+3.53,+20.322,+12.354,+0.962
1659815640,+3.53,+20.305,+12.255,+0.962
1659816240,+3.53,+20.297,+12.236,+0.963
1659816840,+3.53,+20.313,+12.232,+0.962
1659817440,+3.53,+20.322,+12.230,+0.962
