7450-776862
OS REV: 1.05 Sensor Cal: 1635265168
Time (sec),  BV (Volts),  T (deg C),  DO (mg/l),  Q ()
1657817040,+3.53,+20.807,+14.025,+0.960
1657817640,+3.53,+20.749,+13.959,+0.960
1657818240,+3.53,+20.724,+13.883,+0.959
1657818840,+3.53,+20.657,+13.881,+0.961
1657819440,+3.53,+20.640,+13.928,+0.960
1657820040,+3.53,+20.615,+13.899,+0.959
1657820640,+3.53,+20.565,+14.004,+0.960
1657821240,+3.53,+20.531,+13.904,+0.960
1657821840,+3.53,+20.498,+13.813,+0.960
1657822440,+3.53,+20.506,+13.682,+0.960
1657823040,+3.53,+20.523,+13.713,+0.960
1657823640,+3.53,+20.556,+13.834,+0.960
1657824240,+3.53,+20.573,+13.983,+0.960
1657824840,+3.53,+20.598,+14.343,+0.961
1657825440,+3.53,+20.640,+14.623,+0.961
1657826040,+3.53,+20.657,+14.630,+0.960
1657826640,+3.53,+20.699,+14.408,+0.961
1657827240,+3.53,+20.732,+14.389,+0.961
1657827840,+3.53,+20.774,+14.421,+0.961
1657828440,+3.53,+20.765,+14.542,+0.961
1657829040,+3.53,+20.791,+14.573,+0.961
1657829640,+3.53,+20.799,+14.761,+0.961
1657830240,+3.53,+20.791,+14.994,+0.962
1657830840,+3.53,+20.757,+14.935,+0.961
1657831440,+3.53,+20.824,+13.638,+0.960
1657832040,+3.53,+20.841,+14.563,+0.960
1657832640,+3.53,+20.841,+15.079,+0.961
1657833240,+3.53,+20.807,+14.848,+0.961
1657833840,+3.53,+20.749,+14.707,+0.961
1657834440,+3.53,+20.707,+14.824,+0.962
1657835040,+3.53,+20.673,+14.964,+0.961
1657835640,+3.53,+20.648,+15.282,+0.961
1657836240,+3.53,+20.606,+14.847,+0.960
1657836840,+3.53,+20.606,+14.617,+0.960
1657837440,+3.53,+20.615,+14.438,+0.960
1657838040,+3.53,+20.632,+14.392,+0.961
1657838640,+3.53,+20.657,+14.670,+0.961
1657839240,+3.53,+20.682,+14.327,+0.960
1657839840,+3.53,+20.732,+14.628,+0.961
1657840440,+3.53,+20.749,+15.161,+0.961
1657841040,+3.53,+20.765,+15.133,+0.961
1657841640,+3.53,+20.816,+14.699,+0.961
1657842240,+3.53,+20.816,+14.310,+0.960
1657842840,+3.53,+20.841,+14.446,+0.960
1657843440,+3.53,+20.832,+14.724,+0.960
1657844040,+3.53,+20.832,+14.833,+0.960
1657844640,+3.53,+20.816,+14.651,+0.962
1657845240,+3.53,+20.765,+14.738,+0.961
1657845840,+3.53,+20.757,+14.708,+0.961
1657846440,+3.53,+20.707,+14.648,+0.960
1657847040,+3.53,+20.665,+14.773,+0.962
1657847640,+3.53,+20.632,+14.727,+0.961
1657848240,+3.53,+20.590,+14.622,+0.961
1657848840,+3.53,+20.548,+14.553,+0.961
1657849440,+3.53,+20.531,+14.526,+0.959
1657850040,+3.53,+20.481,+14.154,+0.960
1657850640,+3.53,+20.431,+11.995,+0.959
1657851240,+3.53,+20.431,+10.987,+0.960
1657851840,+3.53,+20.439,+10.561,+0.958
1657852440,+3.53,+20.439,+10.598,+0.958
1657853040,+3.53,+20.431,+10.701,+0.959
1657853640,+3.53,+20.431,+10.646,+0.959
1657854240,+3.53,+20.456,+10.805,+0.959
1657854840,+3.53,+20.464,+10.869,+0.959
1657855440,+3.53,+20.481,+10.623,+0.959
1657856040,+3.53,+20.481,+10.540,+0.959
1657856640,+3.53,+20.514,+10.559,+0.959
1657857240,+3.53,+20.523,+10.494,+0.959
1657857840,+3.53,+20.539,+10.470,+0.959
1657858440,+3.53,+20.556,+10.433,+0.959
1657859040,+3.53,+20.565,+10.454,+0.959
1657859640,+3.53,+20.573,+10.335,+0.959
1657860240,+3.53,+20.606,+10.337,+0.958
1657860840,+3.53,+20.615,+10.472,+0.959
1657861440,+3.53,+20.615,+10.475,+0.959
1657862040,+3.53,+20.648,+10.368,+0.959
1657862640,+3.53,+20.623, +9.913,+0.958
1657863240,+3.53,+20.615, +9.376,+0.958
1657863840,+3.53,+20.590, +9.599,+0.959
1657864440,+3.53,+20.548, +9.785,+0.958
1657865040,+3.53,+20.539, +9.666,+0.958
1657865640,+3.53,+20.481, +9.711,+0.958
1657866240,+3.53,+20.422, +9.506,+0.959
1657866840,+3.53,+20.397, +9.292,+0.958
1657867440,+3.53,+20.347, +9.194,+0.958
1657868040,+3.53,+20.322, +8.932,+0.958
1657868640,+3.53,+20.297, +9.148,+0.958
1657869240,+3.53,+20.272, +8.956,+0.959
1657869840,+3.53,+20.255, +9.069,+0.959
1657870440,+3.53,+20.230, +9.261,+0.959
1657871040,+3.53,+20.221, +8.938,+0.958
1657871640,+3.53,+20.188, +9.494,+0.958
1657872240,+3.53,+20.205, +9.907,+0.959
1657872840,+3.53,+20.205,+10.016,+0.959
1657873440,+3.53,+20.221,+10.044,+0.958
1657874040,+3.53,+20.238,+10.190,+0.958
1657874640,+3.53,+20.238, +9.978,+0.959
1657875240,+3.53,+20.272, +9.837,+0.959
1657875840,+3.53,+20.280, +9.737,+0.959
1657876440,+3.53,+20.297, +9.807,+0.959
1657877040,+3.53,+20.305, +9.804,+0.958
1657877640,+3.53,+20.313, +9.870,+0.959
1657878240,+3.53,+20.313,+10.033,+0.958
1657878840,+3.53,+20.322, +9.632,+0.958
1657879440,+3.53,+20.330, +9.619,+0.958
1657880040,+3.53,+20.339, +9.367,+0.958
1657880640,+3.53,+20.347, +9.083,+0.958
1657881240,+3.53,+20.397,+11.107,+0.959
1657881840,+3.53,+20.439,+12.362,+0.959
1657882440,+3.53,+20.464,+12.865,+0.959
1657883040,+3.53,+20.498,+12.987,+0.960
1657883640,+3.53,+20.514,+13.291,+0.959
1657884240,+3.53,+20.539,+13.882,+0.960
1657884840,+3.53,+20.590,+13.778,+0.959
1657885440,+3.53,+20.606,+13.873,+0.961
1657886040,+3.53,+20.615,+14.131,+0.959
1657886640,+3.53,+20.648,+14.276,+0.961
1657887240,+3.53,+20.640,+14.137,+0.960
1657887840,+3.53,+20.682,+14.123,+0.960
1657888440,+3.53,+20.648,+14.401,+0.961
1657889040,+3.53,+20.615,+14.407,+0.961
1657889640,+3.53,+20.598,+14.502,+0.960
1657890240,+3.53,+20.581,+14.681,+0.960
1657890840,+3.53,+20.539,+14.701,+0.961
1657891440,+3.53,+20.531,+14.825,+0.961
1657892040,+3.53,+20.473,+14.720,+0.961
1657892640,+3.53,+20.439,+14.409,+0.960
1657893240,+3.53,+20.422,+14.135,+0.961
1657893840,+3.53,+20.431,+14.170,+0.961
1657894440,+3.53,+20.447,+14.032,+0.959
1657895040,+3.53,+20.464,+14.020,+0.960
1657895640,+3.53,+20.498,+14.331,+0.961
1657896240,+3.53,+20.514,+14.514,+0.961
1657896840,+3.53,+20.548,+14.597,+0.960
1657897440,+3.53,+20.565,+14.806,+0.960
1657898040,+3.53,+20.581,+15.433,+0.960
1657898640,+3.53,+20.623,+16.322,+0.962
1657899240,+3.53,+20.657,+15.419,+0.961
1657899840,+3.53,+20.707,+15.246,+0.960
1657900440,+3.53,+20.740,+15.283,+0.961
1657901040,+3.53,+20.724,+15.654,+0.961
1657901640,+3.53,+20.740,+15.131,+0.961
1657902240,+3.53,+20.757,+15.754,+0.962
1657902840,+3.53,+20.732,+15.790,+0.962
1657903440,+3.53,+20.715,+16.015,+0.961
