7450-776862
OS REV: 1.05 Sensor Cal: 1635265168
Time (sec),  BV (Volts),  T (deg C),  DO (mg/l),  Q ()
1660253040,+3.53,+20.565,+10.438,+0.962
1660253640,+3.53,+20.556,+10.478,+0.963
1660254240,+3.53,+20.581,+10.423,+0.962
1660254840,+3.53,+20.590,+10.500,+0.963
1660255440,+3.53,+20.606,+10.401,+0.962
1660256040,+3.53,+20.632,+10.452,+0.962
1660256640,+3.53,+20.615,+10.350,+0.962
1660257240,+3.53,+20.606,+10.613,+0.963
1660257840,+3.53,+20.556,+10.450,+0.962
1660258440,+3.53,+20.548,+10.537,+0.963
1660259040,+3.53,+20.523,+10.640,+0.963
1660259640,+3.53,+20.464,+10.765,+0.962
1660260240,+3.53,+20.431,+10.701,+0.963
1660260840,+3.53,+20.380,+10.599,+0.962
1660261440,+3.53,+20.355,+10.599,+0.963
1660262040,+3.53,+20.322,+10.658,+0.962
1660262640,+3.53,+20.297,+10.394,+0.963
1660263240,+3.53,+20.263,+10.573,+0.963
1660263840,+3.53,+20.288,+10.493,+0.962
1660264440,+3.53,+20.313,+10.644,+0.963
1660265040,+3.53,+20.288,+10.605,+0.963
1660265640,+3.53,+20.263,+10.531,+0.962
1660266240,+3.53,+20.288,+10.772,+0.962
1660266840,+3.53,+20.280,+10.697,+0.962
1660267440,+3.53,+20.288,+10.772,+0.963
1660268040,+3.53,+20.297,+10.602,+0.962
1660268640,+3.53,+20.330,+10.604,+0.962
1660269240,+3.53,+20.339,+10.622,+0.962
1660269840,+3.53,+20.297,+10.095,+0.962
1660270440,+3.53,+20.305, +9.542,+0.963
1660271040,+3.53,+20.297, +9.415,+0.962
1660271640,+3.53,+20.297, +9.427,+0.963
1660272240,+3.53,+20.272, +9.384,+0.963
1660272840,+3.53,+20.280, +9.347,+0.962
1660273440,+3.53,+20.255, +9.226,+0.963
1660274040,+3.53,+20.255, +9.036,+0.962
1660274640,+3.53,+20.221, +9.255,+0.962
1660275240,+3.53,+20.221, +9.145,+0.962
1660275840,+3.53,+20.221, +9.091,+0.962
1660276440,+3.53,+20.205, +9.076,+0.962
1660277040,+3.53,+20.221, +8.974,+0.962
1660277640,+3.53,+20.205, +9.206,+0.963
1660278240,+3.53,+20.179, +8.742,+0.962
1660278840,+3.53,+20.179, +8.768,+0.962
1660279440,+3.53,+20.154, +8.888,+0.962
1660280040,+3.53,+20.138, +8.996,+0.962
1660280640,+3.53,+20.112, +8.889,+0.962
1660281240,+3.53,+20.121, +8.911,+0.962
1660281840,+3.53,+20.096, +8.951,+0.962
1660282440,+3.53,+20.096, +8.961,+0.962
1660283040,+3.53,+20.087, +9.034,+0.963
1660283640,+3.53,+20.104, +9.005,+0.962
1660284240,+3.53,+20.087, +8.926,+0.962
1660284840,+3.53,+20.096, +8.918,+0.962
1660285440,+3.53,+20.096, +8.793,+0.962
1660286040,+3.53,+20.096, +8.917,+0.962
1660286640,+3.53,+20.112, +8.663,+0.962
1660287240,+3.53,+20.121, +8.530,+0.962
1660287840,+3.53,+20.087, +8.424,+0.962
1660288440,+3.53,+20.079, +8.641,+0.962
1660289040,+3.53,+20.071, +8.464,+0.962
1660289640,+3.53,+20.079, +8.567,+0.962
1660290240,+3.53,+20.054, +8.697,+0.963
1660290840,+3.53,+20.054, +8.515,+0.962
1660291440,+3.53,+20.037, +8.536,+0.962
1660292040,+3.53,+20.037, +8.354,+0.963
1660292640,+3.53,+20.029, +8.227,+0.962
1660293240,+3.53,+20.020, +8.077,+0.962
1660293840,+3.53,+19.995, +8.392,+0.962
1660294440,+3.53,+19.995, +8.366,+0.962
1660295040,+3.53,+19.987, +8.443,+0.962
1660295640,+3.53,+19.978, +8.300,+0.962
1660296240,+3.53,+19.978, +8.339,+0.962
1660296840,+3.53,+19.970, +8.312,+0.962
1660297440,+3.53,+19.936, +8.338,+0.962
1660298040,+3.53,+19.945, +8.488,+0.962
1660298640,+3.53,+19.928, +8.298,+0.962
1660299240,+3.53,+19.928, +8.347,+0.962
1660299840,+3.53,+19.953, +8.352,+0.962
1660300440,+3.53,+19.936, +8.210,+0.962
1660301040,+3.53,+19.953, +8.046,+0.962
1660301640,+3.53,+19.970, +8.096,+0.962
1660302240,+3.53,+19.978, +8.035,+0.962
1660302840,+3.53,+20.004, +8.224,+0.962
1660303440,+3.53,+19.995, +8.057,+0.962
1660304040,+3.53,+20.054, +8.842,+0.962
1660304640,+3.53,+20.071, +9.387,+0.962
1660305240,+3.53,+20.087, +9.463,+0.963
1660305840,+3.53,+20.112, +9.459,+0.963
1660306440,+3.53,+20.163, +9.679,+0.962
1660307040,+3.53,+20.188, +9.507,+0.963
1660307640,+3.53,+20.196, +9.553,+0.962
1660308240,+3.53,+20.230, +9.946,+0.962
1660308840,+3.53,+20.221, +9.570,+0.963
1660309440,+3.53,+20.246, +9.602,+0.962
1660310040,+3.53,+20.288, +9.732,+0.962
1660310640,+3.53,+20.288, +9.796,+0.962
1660311240,+3.53,+20.322, +9.644,+0.962
1660311840,+3.53,+20.330, +9.888,+0.962
1660312440,+3.53,+20.364, +9.792,+0.962
1660313040,+3.53,+20.380, +9.780,+0.963
1660313640,+3.53,+20.422, +9.587,+0.962
1660314240,+3.53,+20.431, +9.937,+0.962
1660314840,+3.53,+20.456, +9.924,+0.962
1660315440,+3.53,+20.498,+10.102,+0.963
1660316040,+3.53,+20.498,+10.091,+0.962
1660316640,+3.53,+20.531, +9.843,+0.962
1660317240,+3.53,+20.556,+10.144,+0.962
1660317840,+3.53,+20.573, +9.814,+0.962
1660318440,+3.53,+20.590,+10.238,+0.962
1660319040,+3.53,+20.581,+10.369,+0.962
1660319640,+3.53,+20.606,+10.150,+0.963
1660320240,+3.53,+20.598,+10.312,+0.963
1660320840,+3.53,+20.581,+10.297,+0.963
1660321440,+3.53,+20.539,+10.344,+0.963
1660322040,+3.53,+20.514,+10.349,+0.962
1660322640,+3.53,+20.481,+10.359,+0.962
1660323240,+3.53,+20.464,+10.876,+0.963
1660323840,+3.53,+20.397,+10.606,+0.963
1660324440,+3.53,+20.355,+10.847,+0.964
1660325040,+3.53,+20.322,+11.042,+0.963
1660325640,+3.53,+20.280,+10.875,+0.963
1660326240,+3.53,+20.263,+10.720,+0.963
1660326840,+3.53,+20.255,+10.558,+0.962
1660327440,+3.53,+20.272,+10.493,+0.962
1660328040,+3.53,+20.255,+10.413,+0.963
1660328640,+3.53,+20.272,+10.578,+0.962
1660329240,+3.53,+20.297,+10.372,+0.962
1660329840,+3.53,+20.322,+10.338,+0.962
1660330440,+3.53,+20.330,+10.635,+0.962
1660331040,+3.53,+20.339,+10.729,+0.963
1660331640,+3.53,+20.347,+10.671,+0.963
1660332240,+3.53,+20.372,+10.577,+0.962
1660332840,+3.53,+20.389,+10.969,+0.963
1660333440,+3.53,+20.397,+10.748,+0.963
1660334040,+3.53,+20.406,+10.837,+0.962
1660334640,+3.53,+20.406,+11.215,+0.963
1660335240,+3.53,+20.397,+10.966,+0.962
1660335840,+3.53,+20.406,+11.199,+0.963
1660336440,+3.53,+20.439,+10.831,+0.963
1660337040,+3.53,+20.464,+11.122,+0.963
1660337640,+3.53,+20.439,+11.291,+0.962
1660338240,+3.53,+20.439,+11.177,+0.962
1660338840,+3.53,+20.456,+10.810,+0.962
1660339440,+3.53,+20.464,+11.670,+0.963
