7450-581372
OS REV: 1.05 Sensor Cal: 1635263164
Time (sec),  BV (Volts),  T (deg C),  DO (mg/l),  Q ()
1660600860,+3.51,+15.842,+12.443,+0.934
1660601460,+3.51,+15.868,+12.539,+0.934
1660602060,+3.51,+15.902,+12.450,+0.934
1660602660,+3.51,+15.936,+12.427,+0.934
1660603260,+3.51,+15.970,+12.427,+0.934
1660603860,+3.51,+16.004,+12.487,+0.934
1660604460,+3.51,+16.030,+12.487,+0.934
1660605060,+3.51,+16.038,+12.364,+0.934
1660605660,+3.51,+16.030,+12.407,+0.934
1660606260,+3.51,+16.038,+12.424,+0.934
1660606860,+3.51,+16.013,+12.438,+0.934
1660607460,+3.51,+15.996,+12.407,+0.934
1660608060,+3.51,+15.979,+12.371,+0.934
1660608660,+3.51,+15.919,+12.362,+0.934
1660609260,+3.51,+15.910,+12.353,+0.934
1660609860,+3.51,+15.851,+12.390,+0.935
1660610460,+3.51,+15.842,+12.356,+0.934
1660611060,+3.51,+15.799,+12.342,+0.934
1660611660,+3.51,+15.816,+12.197,+0.934
1660612260,+3.51,+15.825,+12.169,+0.935
1660612860,+3.51,+15.859,+12.190,+0.935
1660613460,+3.51,+15.902,+12.230,+0.935
1660614060,+3.51,+15.902,+12.218,+0.934
1660614660,+3.51,+15.953,+12.211,+0.934
1660615260,+3.51,+15.996,+12.216,+0.935
1660615860,+3.51,+15.927,+11.468,+0.934
1660616460,+3.51,+15.962,+10.987,+0.934
1660617060,+3.51,+15.936,+10.696,+0.934
1660617660,+3.51,+15.945,+10.378,+0.933
1660618260,+3.51,+15.936,+10.056,+0.933
1660618860,+3.51,+15.910, +9.821,+0.933
1660619460,+3.51,+15.851, +9.763,+0.933
1660620060,+3.51,+15.816, +9.798,+0.934
1660620660,+3.51,+15.756, +9.726,+0.934
1660621260,+3.51,+15.748, +9.653,+0.934
1660621860,+3.51,+15.722, +9.657,+0.934
1660622460,+3.51,+15.705, +9.536,+0.934
1660623060,+3.50,+15.645, +9.476,+0.933
1660623660,+3.50,+15.662, +9.694,+0.934
1660624260,+3.50,+15.671, +9.836,+0.934
1660624860,+3.51,+15.688,+10.121,+0.934
1660625460,+3.51,+15.697,+10.300,+0.934
1660626060,+3.51,+15.722,+10.316,+0.934
1660626660,+3.51,+15.756,+10.247,+0.934
1660627260,+3.51,+15.774,+10.271,+0.935
1660627860,+3.51,+15.799,+10.193,+0.934
1660628460,+3.51,+15.842,+10.336,+0.935
1660629060,+3.51,+15.859,+10.073,+0.935
1660629660,+3.51,+15.885, +9.875,+0.934
1660630260,+3.51,+15.893, +9.875,+0.934
1660630860,+3.51,+15.885, +9.642,+0.933
1660631460,+3.51,+15.868, +9.360,+0.933
1660632060,+3.51,+15.876, +9.149,+0.933
1660632660,+3.51,+15.816, +9.058,+0.933
1660633260,+3.51,+15.791, +9.214,+0.934
1660633860,+3.51,+15.748, +9.255,+0.934
1660634460,+3.51,+15.714, +9.267,+0.934
1660635060,+3.50,+15.679, +9.291,+0.935
1660635660,+3.50,+15.654, +9.232,+0.935
1660636260,+3.50,+15.637, +9.216,+0.934
1660636860,+3.50,+15.611, +9.139,+0.934
1660637460,+3.50,+15.620, +9.392,+0.935
1660638060,+3.50,+15.637, +9.629,+0.934
1660638660,+3.50,+15.637, +9.798,+0.934
1660639260,+3.50,+15.654, +9.842,+0.935
1660639860,+3.50,+15.679, +9.811,+0.934
1660640460,+3.51,+15.697, +9.762,+0.934
1660641060,+3.51,+15.722, +9.694,+0.935
1660641660,+3.51,+15.748, +9.520,+0.934
1660642260,+3.51,+15.791, +9.394,+0.934
1660642860,+3.51,+15.808, +9.240,+0.934
1660643460,+3.51,+15.825, +9.141,+0.933
1660644060,+3.51,+15.868, +9.222,+0.934
1660644660,+3.51,+15.953,+10.305,+0.935
1660645260,+3.51,+15.945,+10.777,+0.934
1660645860,+3.51,+15.953,+11.007,+0.934
1660646460,+3.51,+15.927,+11.138,+0.934
1660647060,+3.51,+15.919,+11.224,+0.935
1660647660,+3.51,+15.893,+11.269,+0.935
1660648260,+3.51,+15.851,+11.328,+0.934
1660648860,+3.51,+15.825,+11.387,+0.935
1660649460,+3.51,+15.765,+11.440,+0.935
1660650060,+3.51,+15.756,+11.453,+0.934
1660650660,+3.51,+15.722,+11.428,+0.935
1660651260,+3.51,+15.739,+11.475,+0.935
1660651860,+3.51,+15.765,+11.516,+0.935
1660652460,+3.51,+15.799,+11.506,+0.934
1660653060,+3.51,+15.833,+11.563,+0.934
1660653660,+3.51,+15.868,+11.605,+0.934
1660654260,+3.51,+15.876,+11.615,+0.934
1660654860,+3.51,+15.927,+11.618,+0.934
1660655460,+3.51,+15.953,+11.664,+0.934
1660656060,+3.51,+15.996,+11.628,+0.934
1660656660,+3.51,+15.987,+11.621,+0.934
1660657260,+3.51,+16.021,+11.642,+0.934
1660657860,+3.51,+16.021,+11.656,+0.934
1660658460,+3.51,+16.021,+11.728,+0.935
1660659060,+3.51,+15.987,+11.764,+0.934
1660659660,+3.51,+15.979,+11.798,+0.934
1660660260,+3.51,+15.936,+11.819,+0.934
1660660860,+3.51,+15.902,+11.843,+0.934
1660661460,+3.51,+15.885,+11.867,+0.935
1660662060,+3.51,+15.833,+11.837,+0.934
1660662660,+3.51,+15.799,+11.877,+0.934
1660663260,+3.51,+15.808,+11.867,+0.934
1660663860,+3.51,+15.808,+11.877,+0.935
1660664460,+3.51,+15.816,+11.894,+0.935
1660665060,+3.51,+15.851,+11.882,+0.934
1660665660,+3.51,+15.876,+11.885,+0.934
1660666260,+3.51,+15.919,+11.964,+0.935
1660666860,+3.51,+15.962,+11.961,+0.934
1660667460,+3.51,+15.987,+12.016,+0.934
1660668060,+3.51,+15.987,+12.027,+0.934
1660668660,+3.51,+16.030,+11.993,+0.934
1660669260,+3.51,+16.030,+11.990,+0.934
1660669860,+3.51,+16.038,+12.041,+0.934
1660670460,+3.51,+16.021,+12.060,+0.934
1660671060,+3.51,+16.004,+12.091,+0.935
1660671660,+3.51,+16.013,+12.049,+0.934
1660672260,+3.51,+15.945,+12.069,+0.935
1660672860,+3.51,+15.919,+12.065,+0.934
1660673460,+3.51,+15.885,+12.073,+0.934
1660674060,+3.51,+15.833,+12.093,+0.935
1660674660,+3.51,+15.799,+12.097,+0.934
1660675260,+3.51,+15.791,+12.059,+0.935
1660675860,+3.51,+15.799,+11.979,+0.934
1660676460,+3.51,+15.825,+11.991,+0.934
1660677060,+3.51,+15.859,+12.045,+0.934
1660677660,+3.51,+15.876,+12.072,+0.934
1660678260,+3.51,+15.927,+12.053,+0.934
1660678860,+3.51,+15.953,+12.052,+0.934
1660679460,+3.51,+15.987,+12.075,+0.935
1660680060,+3.51,+16.013,+12.076,+0.934
1660680660,+3.51,+16.021,+12.076,+0.934
1660681260,+3.51,+16.047,+12.056,+0.934
1660681860,+3.51,+16.030,+12.096,+0.934
1660682460,+3.51,+16.030,+12.087,+0.933
1660683060,+3.51,+16.004,+12.130,+0.934
1660683660,+3.51,+15.962,+12.143,+0.934
1660684260,+3.51,+15.936,+12.151,+0.935
1660684860,+3.51,+15.902,+12.153,+0.934
1660685460,+3.51,+15.859,+12.171,+0.934
1660686060,+3.51,+15.842,+12.151,+0.934
1660686660,+3.51,+15.808,+12.131,+0.934
1660687260,+3.51,+15.808,+12.087,+0.934
