7450-581372
OS REV: 1.05 Sensor Cal: 1635263164
Time (sec),  BV (Volts),  T (deg C),  DO (mg/l),  Q ()
1658860860,+3.51,+15.910,+16.949,+0.935
1658861460,+3.51,+15.936,+16.983,+0.936
1658862060,+3.51,+15.987,+16.902,+0.936
1658862660,+3.51,+16.021,+16.794,+0.935
1658863260,+3.51,+16.064,+16.767,+0.934
1658863860,+3.51,+16.047,+16.882,+0.936
1658864460,+3.51,+16.056,+16.797,+0.935
1658865060,+3.51,+16.013,+16.815,+0.935
1658865660,+3.51,+16.021,+16.889,+0.935
1658866260,+3.51,+15.987,+16.880,+0.935
1658866860,+3.51,+15.953,+16.899,+0.935
1658867460,+3.51,+15.893,+16.903,+0.934
1658868060,+3.51,+15.833,+16.954,+0.934
1658868660,+3.51,+15.808,+17.050,+0.936
1658869260,+3.51,+15.765,+17.040,+0.935
1658869860,+3.51,+15.791,+17.078,+0.935
1658870460,+3.51,+15.808,+17.010,+0.935
1658871060,+3.51,+15.791,+17.053,+0.934
1658871660,+3.51,+15.799,+17.015,+0.935
1658872260,+3.51,+15.833,+17.030,+0.934
1658872860,+3.51,+15.876,+17.100,+0.935
1658873460,+3.51,+15.927,+17.240,+0.935
1658874060,+3.51,+15.945,+17.184,+0.934
1658874660,+3.51,+15.996,+17.163,+0.936
1658875260,+3.51,+16.021,+17.073,+0.935
1658875860,+3.51,+16.030,+17.065,+0.934
1658876460,+3.51,+16.038,+17.101,+0.935
1658877060,+3.51,+16.013,+17.096,+0.934
1658877660,+3.51,+16.038,+17.158,+0.935
1658878260,+3.51,+16.013,+17.224,+0.935
1658878860,+3.51,+15.996,+17.226,+0.935
1658879460,+3.51,+15.962,+17.163,+0.935
1658880060,+3.51,+15.945,+17.193,+0.935
1658880660,+3.51,+15.885,+17.218,+0.935
1658881260,+3.51,+15.842,+17.220,+0.935
1658881860,+3.51,+15.774,+17.262,+0.935
1658882460,+3.51,+15.765,+17.318,+0.935
1658883060,+3.51,+15.808,+17.258,+0.935
1658883660,+3.51,+15.799,+17.317,+0.935
1658884260,+3.51,+15.816,+17.295,+0.936
1658884860,+3.51,+15.816,+17.285,+0.936
1658885460,+3.51,+15.876,+17.314,+0.936
1658886060,+3.51,+15.902,+17.231,+0.935
1658886660,+3.51,+15.927,+17.318,+0.936
1658887260,+3.51,+15.953,+17.342,+0.935
1658887860,+3.51,+15.987,+17.270,+0.935
1658888460,+3.51,+15.987,+17.109,+0.935
1658889060,+3.51,+16.004,+17.089,+0.935
1658889660,+3.51,+16.004,+17.045,+0.936
1658890260,+3.51,+15.987,+17.027,+0.936
1658890860,+3.51,+15.945,+17.050,+0.936
1658891460,+3.51,+15.910,+16.993,+0.936
1658892060,+3.51,+15.833,+16.972,+0.935
1658892660,+3.51,+15.774,+16.954,+0.935
1658893260,+3.51,+15.722,+16.883,+0.935
1658893860,+3.51,+15.697,+16.798,+0.935
1658894460,+3.50,+15.688,+16.735,+0.934
1658895060,+3.51,+15.671,+16.775,+0.936
1658895660,+3.51,+15.671,+16.828,+0.935
1658896260,+3.51,+15.714,+16.815,+0.936
1658896860,+3.51,+15.739,+16.700,+0.935
1658897460,+3.51,+15.782,+16.652,+0.935
1658898060,+3.51,+15.782,+16.610,+0.935
1658898660,+3.51,+15.791,+16.600,+0.935
1658899260,+3.51,+15.833,+16.598,+0.934
1658899860,+3.51,+15.825,+16.649,+0.935
1658900460,+3.51,+15.893,+16.516,+0.934
1658901060,+3.51,+15.927,+16.546,+0.935
1658901660,+3.51,+15.953,+16.438,+0.935
1658902260,+3.51,+15.979,+16.484,+0.935
1658902860,+3.51,+15.953,+16.417,+0.935
1658903460,+3.51,+15.927,+16.405,+0.935
1658904060,+3.51,+15.885,+16.446,+0.934
1658904660,+3.51,+15.816,+16.462,+0.935
1658905260,+3.51,+15.756,+16.507,+0.935
1658905860,+3.51,+15.705,+16.342,+0.935
1658906460,+3.50,+15.662,+16.311,+0.934
1658907060,+3.50,+15.654,+16.301,+0.935
1658907660,+3.50,+15.654,+16.321,+0.934
1658908260,+3.51,+15.671,+16.298,+0.935
1658908860,+3.51,+15.688,+16.296,+0.935
1658909460,+3.51,+15.714,+16.218,+0.934
1658910060,+3.51,+15.748,+16.135,+0.935
1658910660,+3.51,+15.756,+16.145,+0.935
1658911260,+3.51,+15.739,+16.068,+0.935
1658911860,+3.51,+15.782,+16.082,+0.935
1658912460,+3.51,+15.799,+16.080,+0.935
1658913060,+3.51,+15.825,+16.028,+0.935
1658913660,+3.51,+15.851,+16.044,+0.936
1658914260,+3.51,+15.910,+16.080,+0.935
1658914860,+3.51,+15.945,+15.977,+0.935
1658915460,+3.51,+15.936,+15.944,+0.935
1658916060,+3.51,+15.919,+16.128,+0.934
1658916660,+3.51,+15.902,+16.242,+0.936
1658917260,+3.51,+15.876,+16.286,+0.935
1658917860,+3.51,+15.842,+16.266,+0.935
1658918460,+3.51,+15.799,+16.345,+0.936
1658919060,+3.51,+15.756,+16.280,+0.935
1658919660,+3.51,+15.705,+16.354,+0.935
1658920260,+3.51,+15.722,+16.390,+0.936
1658920860,+3.51,+15.739,+16.293,+0.934
1658921460,+3.51,+15.799,+16.336,+0.935
1658922060,+3.51,+15.774,+16.320,+0.935
1658922660,+3.51,+15.825,+16.376,+0.935
1658923260,+3.51,+15.851,+16.432,+0.935
1658923860,+3.51,+15.893,+16.460,+0.934
1658924460,+3.51,+15.910,+16.516,+0.936
1658925060,+3.51,+15.927,+16.546,+0.935
1658925660,+3.51,+15.996,+16.499,+0.934
1658926260,+3.51,+15.996,+16.564,+0.935
1658926860,+3.51,+15.996,+16.485,+0.936
1658927460,+3.51,+16.013,+16.435,+0.935
1658928060,+3.51,+15.996,+16.466,+0.935
1658928660,+3.51,+15.996,+16.473,+0.934
1658929260,+3.51,+15.970,+16.540,+0.935
1658929860,+3.51,+15.927,+16.558,+0.935
1658930460,+3.51,+15.910,+16.549,+0.935
1658931060,+3.51,+15.859,+16.580,+0.936
1658931660,+3.51,+15.782,+16.669,+0.934
1658932260,+3.51,+15.756,+16.664,+0.935
1658932860,+3.51,+15.739,+16.699,+0.935
1658933460,+3.51,+15.748,+16.725,+0.936
1658934060,+3.51,+15.774,+16.697,+0.936
1658934660,+3.51,+15.782,+16.726,+0.935
1658935260,+3.51,+15.825,+16.724,+0.935
1658935860,+3.51,+15.851,+16.734,+0.935
1658936460,+3.51,+15.842,+16.743,+0.935
1658937060,+3.51,+15.893,+16.762,+0.935
1658937660,+3.51,+15.936,+16.779,+0.934
1658938260,+3.51,+15.945,+16.797,+0.935
1658938860,+3.51,+16.038,+16.866,+0.935
1658939460,+3.51,+16.004,+16.809,+0.936
1658940060,+3.51,+16.030,+16.829,+0.935
1658940660,+3.51,+16.004,+16.795,+0.935
1658941260,+3.51,+15.987,+16.813,+0.935
1658941860,+3.51,+15.987,+16.882,+0.935
1658942460,+3.51,+15.962,+16.881,+0.935
1658943060,+3.51,+15.910,+16.866,+0.935
1658943660,+3.51,+15.868,+16.883,+0.935
1658944260,+3.51,+15.842,+16.919,+0.935
1658944860,+3.51,+15.782,+16.981,+0.935
1658945460,+3.51,+15.739,+17.017,+0.935
1658946060,+3.51,+15.722,+17.040,+0.935
1658946660,+3.51,+15.774,+17.084,+0.935
1658947260,+3.51,+15.808,+17.086,+0.935
