7450-581372
OS REV: 1.05 Sensor Cal: 1635263164
Time (sec),  BV (Volts),  T (deg C),  DO (mg/l),  Q ()
1656772860,+3.52,+20.039, +0.027,+0.923
1656773460,+3.52,+19.930, +0.029,+0.923
1656774060,+3.52,+19.830, +0.034,+0.923
1656774660,+3.52,+19.729, +0.040,+0.923
1656775260,+3.52,+19.645, +0.041,+0.923
1656775860,+3.52,+19.553, +0.036,+0.923
1656776460,+3.52,+19.461, +0.029,+0.923
1656777060,+3.52,+19.360, +0.027,+0.923
1656777660,+3.52,+19.310, +0.028,+0.923
1656778260,+3.52,+19.217, +0.028,+0.923
1656778860,+3.52,+19.133, +0.027,+0.923
1656779460,+3.52,+19.150, +0.027,+0.923
1656780060,+3.52,+19.159, +0.027,+0.923
1656780660,+3.52,+19.167, +0.028,+0.923
1656781260,+3.52,+19.184, +0.036,+0.923
1656781860,+3.52,+19.175, +0.060,+0.924
1656782460,+3.52,+19.184, +0.085,+0.924
1656783060,+3.52,+19.201, +0.096,+0.924
1656783660,+3.52,+19.201, +0.096,+0.924
1656784260,+3.52,+19.243, +0.106,+0.925
1656784860,+3.52,+19.284, +0.113,+0.925
1656785460,+3.52,+19.293, +0.096,+0.924
1656786060,+3.52,+19.301, +0.073,+0.924
1656786660,+3.52,+19.326, +0.054,+0.924
1656787260,+3.52,+19.343, +0.051,+0.923
1656787860,+3.52,+19.310, +0.050,+0.923
1656788460,+3.52,+19.301, +0.049,+0.923
1656789060,+3.52,+19.251, +0.055,+0.924
1656789660,+3.52,+19.217, +0.064,+0.924
1656790260,+3.52,+19.150, +0.068,+0.924
1656790860,+3.52,+19.075, +0.089,+0.924
1656791460,+3.52,+19.033, +0.114,+0.925
1656792060,+3.52,+18.991, +0.141,+0.925
1656792660,+3.52,+18.982, +0.156,+0.925
1656793260,+3.52,+18.974, +0.152,+0.925
1656793860,+3.52,+18.991, +0.158,+0.925
1656794460,+3.52,+19.007, +0.179,+0.926
1656795060,+3.52,+19.024, +0.194,+0.926
1656795660,+3.52,+19.016, +0.217,+0.926
1656796260,+3.52,+19.033, +0.256,+0.927
1656796860,+3.52,+19.058, +0.337,+0.927
1656797460,+3.52,+19.100, +0.397,+0.928
1656798060,+3.52,+19.117, +0.397,+0.929
1656798660,+3.52,+19.142, +0.379,+0.929
1656799260,+3.52,+19.133, +0.358,+0.928
1656799860,+3.52,+19.167, +0.368,+0.928
1656800460,+3.52,+19.201, +0.402,+0.928
1656801060,+3.52,+19.217, +0.406,+0.928
1656801660,+3.52,+19.234, +0.377,+0.928
1656802260,+3.52,+19.243, +0.347,+0.928
1656802860,+3.52,+19.226, +0.321,+0.927
1656803460,+3.52,+19.243, +0.284,+0.927
1656804060,+3.52,+19.201, +0.241,+0.926
1656804660,+3.52,+19.159, +0.179,+0.925
1656805260,+3.52,+19.100, +0.100,+0.924
1656805860,+3.52,+19.024, +0.058,+0.923
1656806460,+3.52,+18.991, +0.042,+0.923
1656807060,+3.52,+18.965, +0.039,+0.923
1656807660,+3.52,+18.965, +0.041,+0.923
1656808260,+3.52,+18.957, +0.039,+0.923
1656808860,+3.52,+18.982, +0.037,+0.923
1656809460,+3.52,+18.991, +0.035,+0.923
1656810060,+3.52,+19.007, +0.036,+0.923
1656810660,+3.52,+19.016, +0.032,+0.923
1656811260,+3.52,+19.058, +0.032,+0.923
1656811860,+3.52,+19.066, +0.032,+0.923
1656812460,+3.52,+19.083, +0.033,+0.923
1656813060,+3.52,+19.108, +0.035,+0.923
1656813660,+3.52,+19.133, +0.039,+0.923
1656814260,+3.52,+19.125, +0.037,+0.923
1656814860,+3.52,+19.125, +0.036,+0.923
1656815460,+3.52,+19.175, +0.032,+0.923
1656816060,+3.52,+19.209, +0.029,+0.923
1656816660,+3.52,+19.243, +0.028,+0.923
1656817260,+3.52,+19.251, +0.028,+0.923
1656817860,+3.52,+19.335, +0.028,+0.923
1656818460,+3.52,+19.402, +0.033,+0.923
1656819060,+3.52,+19.494, +0.031,+0.923
1656819660,+3.52,+19.603, +0.030,+0.923
1656820260,+3.52,+19.712, +0.029,+0.922
1656820860,+3.52,+19.746, +0.027,+0.922
1656821460,+3.51,+19.838, +0.027,+0.922
1656822060,+3.51,+19.930, +0.026,+0.922
1656822660,+3.52,+20.039, +0.026,+0.922
1656823260,+3.52,+20.131, +0.027,+0.922
1656823860,+3.52,+20.265, +0.027,+0.922
1656824460,+3.52,+20.374, +0.026,+0.922
1656825060,+3.52,+20.474, +0.026,+0.922
1656825660,+3.52,+20.592, +0.027,+0.922
1656826260,+3.52,+20.734, +0.027,+0.922
1656826860,+3.51,+20.843, +0.026,+0.922
1656827460,+3.51,+20.935, +0.027,+0.922
1656828060,+3.51,+21.043, +0.026,+0.922
1656828660,+3.52,+21.136, +0.026,+0.922
1656829260,+3.52,+21.211, +0.026,+0.922
1656829860,+3.52,+21.303, +0.027,+0.922
1656830460,+3.52,+21.403, +0.027,+0.922
1656831060,+3.52,+21.487, +0.026,+0.921
1656831660,+3.52,+21.554, +0.027,+0.921
1656832260,+3.52,+21.629, +0.026,+0.921
1656832860,+3.52,+21.713, +0.026,+0.921
1656833460,+3.51,+21.763, +0.026,+0.921
1656834060,+3.51,+21.821, +0.026,+0.921
1656834660,+3.51,+21.872, +0.026,+0.921
1656835260,+3.51,+21.922, +0.027,+0.921
1656835860,+3.51,+21.997, +0.027,+0.921
1656836460,+3.51,+22.047, +0.026,+0.921
1656837060,+3.51,+22.089, +0.026,+0.921
1656837660,+3.51,+22.139, +0.027,+0.921
1656838260,+3.52,+22.164, +0.026,+0.921
1656838860,+3.52,+22.189, +0.027,+0.921
1656839460,+3.52,+22.240, +0.026,+0.921
1656840060,+3.52,+22.265, +0.026,+0.921
1656840660,+3.52,+22.298, +0.027,+0.921
1656841260,+3.52,+22.290, +0.026,+0.921
1656841860,+3.52,+22.332, +0.026,+0.921
1656842460,+3.52,+22.348, +0.026,+0.921
1656843060,+3.52,+22.382, +0.026,+0.921
1656843660,+3.52,+22.415, +0.027,+0.921
1656844260,+3.52,+22.440, +0.026,+0.921
1656844860,+3.52,+22.474, +0.027,+0.921
1656845460,+3.52,+22.457, +0.027,+0.921
1656846060,+3.52,+22.407, +0.027,+0.921
1656846660,+3.52,+22.315, +0.027,+0.921
1656847260,+3.52,+22.231, +0.027,+0.921
1656847860,+3.52,+22.131, +0.027,+0.922
1656848460,+3.51,+22.047, +0.027,+0.922
1656849060,+3.52,+21.938, +0.027,+0.922
1656849660,+3.52,+21.813, +0.027,+0.922
1656850260,+3.52,+21.704, +0.027,+0.922
1656850860,+3.52,+21.604, +0.027,+0.922
1656851460,+3.52,+21.487, +0.026,+0.922
1656852060,+3.52,+21.386, +0.027,+0.922
1656852660,+3.52,+21.278, +0.027,+0.922
1656853260,+3.52,+21.144, +0.028,+0.922
1656853860,+3.52,+21.077, +0.038,+0.923
1656854460,+3.52,+20.951, +0.048,+0.923
1656855060,+3.52,+20.859, +0.063,+0.923
1656855660,+3.52,+20.751, +0.112,+0.924
1656856260,+3.52,+20.650, +0.166,+0.925
1656856860,+3.52,+20.541, +0.229,+0.926
1656857460,+3.52,+20.458, +0.288,+0.927
1656858060,+3.52,+20.382, +0.309,+0.928
1656858660,+3.52,+20.274, +0.239,+0.927
1656859260,+3.52,+20.181, +0.114,+0.924
