7450-581372
OS REV: 1.05 Sensor Cal: 1635263164
Time (sec),  BV (Volts),  T (deg C),  DO (mg/l),  Q ()
1657990860,+3.51,+15.902,+24.168,+0.938
1657991460,+3.51,+15.833,+24.396,+0.939
1657992060,+3.51,+15.825,+24.127,+0.939
1657992660,+3.51,+15.791,+24.375,+0.938
1657993260,+3.51,+15.774,+24.489,+0.939
1657993860,+3.51,+15.748,+24.092,+0.938
1657994460,+3.51,+15.756,+24.117,+0.938
1657995060,+3.51,+15.765,+24.258,+0.940
1657995660,+3.51,+15.816,+24.231,+0.939
1657996260,+3.51,+15.842,+25.006,+0.940
1657996860,+3.51,+15.876,+24.864,+0.940
1657997460,+3.51,+15.953,+25.484,+0.940
1657998060,+3.51,+15.953,+25.091,+0.941
1657998660,+3.51,+15.970,+24.447,+0.938
1657999260,+3.51,+15.996,+24.452,+0.939
1657999860,+3.51,+15.996,+24.788,+0.940
1658000460,+3.51,+15.996,+24.638,+0.939
1658001060,+3.51,+16.004,+24.880,+0.939
1658001660,+3.51,+15.987,+25.036,+0.940
1658002260,+3.51,+15.936,+25.043,+0.940
1658002860,+3.51,+15.927,+24.906,+0.940
1658003460,+3.51,+15.859,+24.869,+0.939
1658004060,+3.51,+15.833,+24.898,+0.941
1658004660,+3.51,+15.791,+25.049,+0.939
1658005260,+3.51,+15.774,+24.953,+0.940
1658005860,+3.51,+15.774,+24.665,+0.939
1658006460,+3.51,+15.774,+24.839,+0.939
1658007060,+3.51,+15.799,+24.296,+0.939
1658007660,+3.51,+15.842,+24.484,+0.938
1658008260,+3.51,+15.885,+25.023,+0.940
1658008860,+3.51,+15.919,+24.566,+0.939
1658009460,+3.51,+15.970,+25.455,+0.940
1658010060,+3.51,+15.970,+25.307,+0.940
1658010660,+3.51,+15.996,+24.616,+0.940
1658011260,+3.51,+16.004,+24.853,+0.940
1658011860,+3.51,+15.987,+24.991,+0.940
1658012460,+3.51,+15.979,+24.585,+0.939
1658013060,+3.51,+15.979,+24.894,+0.939
1658013660,+3.51,+15.970,+25.002,+0.939
1658014260,+3.51,+15.945,+24.905,+0.939
1658014860,+3.51,+15.876,+24.746,+0.940
1658015460,+3.51,+15.885,+24.615,+0.939
1658016060,+3.51,+15.842,+24.580,+0.939
1658016660,+3.51,+15.799,+24.449,+0.939
1658017260,+3.51,+15.774,+24.354,+0.939
1658017860,+3.51,+15.765,+23.934,+0.939
1658018460,+3.51,+15.782,+23.764,+0.938
1658019060,+3.51,+15.833,+24.392,+0.941
1658019660,+3.51,+15.833,+25.052,+0.941
1658020260,+3.51,+15.885,+24.564,+0.939
1658020860,+3.51,+15.927,+24.277,+0.939
1658021460,+3.51,+15.953,+24.729,+0.939
1658022060,+3.51,+15.962,+23.982,+0.939
1658022660,+3.51,+15.987,+23.583,+0.937
1658023260,+3.51,+15.987,+24.097,+0.940
1658023860,+3.51,+15.910,+21.380,+0.938
1658024460,+3.51,+15.910,+19.572,+0.936
1658025060,+3.51,+15.893,+18.578,+0.936
1658025660,+3.51,+15.868,+17.774,+0.935
1658026260,+3.51,+15.833,+17.338,+0.936
1658026860,+3.51,+15.782,+17.201,+0.936
1658027460,+3.51,+15.756,+16.776,+0.936
1658028060,+3.51,+15.705,+16.770,+0.936
1658028660,+3.51,+15.697,+16.402,+0.935
1658029260,+3.51,+15.697,+16.202,+0.935
1658029860,+3.50,+15.671,+15.888,+0.934
1658030460,+3.51,+15.671,+15.631,+0.935
1658031060,+3.51,+15.705,+15.567,+0.934
1658031660,+3.51,+15.722,+15.658,+0.936
1658032260,+3.51,+15.748,+15.810,+0.935
1658032860,+3.51,+15.774,+15.744,+0.935
1658033460,+3.51,+15.825,+15.720,+0.936
1658034060,+3.51,+15.851,+16.336,+0.934
1658034660,+3.51,+15.842,+16.398,+0.935
1658035260,+3.51,+15.859,+16.315,+0.936
1658035860,+3.51,+15.868,+15.947,+0.935
1658036460,+3.51,+15.859,+16.201,+0.935
1658037060,+3.51,+15.859,+15.683,+0.935
1658037660,+3.51,+15.833,+15.627,+0.934
1658038260,+3.51,+15.782,+16.268,+0.935
1658038860,+3.51,+15.756,+16.746,+0.935
1658039460,+3.51,+15.714,+17.250,+0.935
1658040060,+3.51,+15.679,+17.248,+0.935
1658040660,+3.50,+15.671,+17.016,+0.936
1658041260,+3.50,+15.645,+16.869,+0.935
1658041860,+3.50,+15.620,+16.301,+0.935
1658042460,+3.50,+15.620,+16.535,+0.935
1658043060,+3.50,+15.662,+16.377,+0.934
1658043660,+3.50,+15.679,+16.457,+0.935
1658044260,+3.51,+15.697,+16.799,+0.934
1658044860,+3.51,+15.739,+16.455,+0.934
1658045460,+3.51,+15.765,+15.893,+0.935
1658046060,+3.51,+15.791,+15.812,+0.934
1658046660,+3.51,+15.816,+15.949,+0.936
1658047260,+3.51,+15.851,+16.251,+0.934
1658047860,+3.51,+15.842,+16.230,+0.936
1658048460,+3.51,+15.859,+16.025,+0.935
1658049060,+3.51,+15.842,+15.982,+0.935
1658049660,+3.51,+15.816,+15.723,+0.935
1658050260,+3.51,+15.808,+15.677,+0.934
1658050860,+3.51,+15.791,+15.877,+0.934
1658051460,+3.51,+15.748,+16.333,+0.934
1658052060,+3.51,+15.748,+16.878,+0.935
1658052660,+3.51,+15.765,+18.514,+0.937
1658053260,+3.51,+15.731,+19.703,+0.936
1658053860,+3.51,+15.748,+20.349,+0.938
1658054460,+3.51,+15.756,+20.515,+0.936
1658055060,+3.51,+15.748,+21.029,+0.937
1658055660,+3.51,+15.774,+21.648,+0.938
1658056260,+3.51,+15.816,+22.456,+0.939
1658056860,+3.51,+15.868,+22.799,+0.939
1658057460,+3.51,+15.910,+22.441,+0.938
1658058060,+3.51,+15.962,+23.113,+0.937
1658058660,+3.51,+15.936,+23.051,+0.938
1658059260,+3.51,+15.987,+22.719,+0.937
1658059860,+3.51,+15.953,+22.967,+0.938
1658060460,+3.51,+15.979,+23.009,+0.936
1658061060,+3.51,+15.970,+23.159,+0.938
1658061660,+3.51,+15.936,+23.489,+0.938
1658062260,+3.51,+15.936,+23.751,+0.938
1658062860,+3.51,+15.902,+23.668,+0.938
1658063460,+3.51,+15.859,+23.595,+0.937
1658064060,+3.51,+15.816,+23.581,+0.939
1658064660,+3.51,+15.799,+23.729,+0.938
1658065260,+3.51,+15.756,+24.156,+0.939
1658065860,+3.51,+15.756,+23.429,+0.938
1658066460,+3.51,+15.756,+23.512,+0.938
1658067060,+3.51,+15.799,+23.456,+0.940
1658067660,+3.51,+15.842,+23.731,+0.938
1658068260,+3.51,+15.876,+24.460,+0.939
1658068860,+3.51,+15.919,+24.381,+0.938
1658069460,+3.51,+15.962,+24.179,+0.939
1658070060,+3.51,+15.953,+24.454,+0.940
1658070660,+3.51,+15.970,+23.799,+0.939
1658071260,+3.51,+16.013,+24.169,+0.940
1658071860,+3.51,+15.987,+24.869,+0.939
1658072460,+3.51,+15.996,+24.631,+0.940
1658073060,+3.51,+15.987,+24.075,+0.940
1658073660,+3.51,+15.996,+24.362,+0.939
1658074260,+3.51,+15.962,+24.641,+0.940
1658074860,+3.51,+15.927,+24.422,+0.940
1658075460,+3.51,+15.910,+24.221,+0.938
1658076060,+3.51,+15.876,+24.337,+0.939
1658076660,+3.51,+15.833,+24.214,+0.938
1658077260,+3.51,+15.825,+23.996,+0.938
