7450-581372
OS REV: 1.05 Sensor Cal: 1635263164
Time (sec),  BV (Volts),  T (deg C),  DO (mg/l),  Q ()
1657033860,+3.52,+20.198, +6.913,+0.938
1657034460,+3.52,+20.081, +6.609,+0.937
1657035060,+3.52,+19.947, +6.408,+0.938
1657035660,+3.52,+19.855, +6.158,+0.938
1657036260,+3.52,+19.746, +5.925,+0.938
1657036860,+3.52,+19.645, +5.624,+0.939
1657037460,+3.52,+19.545, +5.280,+0.939
1657038060,+3.52,+19.461, +4.962,+0.940
1657038660,+3.52,+19.394, +4.752,+0.940
1657039260,+3.52,+19.335, +4.550,+0.940
1657039860,+3.52,+19.293, +4.322,+0.941
1657040460,+3.52,+19.268, +4.087,+0.941
1657041060,+3.52,+19.259, +3.894,+0.941
1657041660,+3.52,+19.276, +3.693,+0.941
1657042260,+3.52,+19.301, +3.554,+0.941
1657042860,+3.52,+19.318, +3.405,+0.941
1657043460,+3.52,+19.335, +3.273,+0.941
1657044060,+3.52,+19.368, +3.173,+0.941
1657044660,+3.52,+19.385, +3.009,+0.942
1657045260,+3.52,+19.419, +2.853,+0.942
1657045860,+3.52,+19.419, +2.705,+0.942
1657046460,+3.52,+19.427, +2.570,+0.942
1657047060,+3.52,+19.436, +2.476,+0.942
1657047660,+3.52,+19.427, +2.311,+0.942
1657048260,+3.52,+19.385, +2.160,+0.942
1657048860,+3.52,+19.318, +2.001,+0.942
1657049460,+3.52,+19.259, +1.829,+0.942
1657050060,+3.52,+19.184, +1.690,+0.941
1657050660,+3.52,+19.142, +1.615,+0.942
1657051260,+3.52,+19.108, +1.468,+0.941
1657051860,+3.52,+19.091, +1.321,+0.940
1657052460,+3.52,+19.066, +1.161,+0.939
1657053060,+3.52,+19.100, +1.034,+0.938
1657053660,+3.52,+19.083, +0.871,+0.936
1657054260,+3.52,+19.100, +0.667,+0.933
1657054860,+3.52,+19.125, +0.481,+0.930
1657055460,+3.52,+19.125, +0.421,+0.930
1657056060,+3.52,+19.159, +0.300,+0.928
1657056660,+3.52,+19.175, +0.210,+0.926
1657057260,+3.52,+19.209, +0.150,+0.925
1657057860,+3.52,+19.192, +0.089,+0.923
1657058460,+3.52,+19.217, +0.081,+0.923
1657059060,+3.52,+19.284, +0.066,+0.923
1657059660,+3.52,+19.293, +0.056,+0.923
1657060260,+3.52,+19.335, +0.068,+0.923
1657060860,+3.52,+19.310, +0.061,+0.923
1657061460,+3.52,+19.284, +0.054,+0.923
1657062060,+3.52,+19.251, +0.035,+0.923
1657062660,+3.52,+19.234, +0.032,+0.923
1657063260,+3.52,+19.201, +0.030,+0.923
1657063860,+3.52,+19.108, +0.029,+0.923
1657064460,+3.52,+19.091, +0.030,+0.923
1657065060,+3.52,+19.058, +0.029,+0.923
1657065660,+3.52,+19.058, +0.028,+0.923
1657066260,+3.52,+19.058, +0.028,+0.923
1657066860,+3.52,+19.041, +0.029,+0.923
1657067460,+3.52,+19.083, +0.029,+0.923
1657068060,+3.52,+19.091, +0.027,+0.923
1657068660,+3.52,+19.100, +0.027,+0.923
1657069260,+3.52,+19.133, +0.028,+0.923
1657069860,+3.52,+19.159, +0.028,+0.923
1657070460,+3.52,+19.159, +0.028,+0.923
1657071060,+3.52,+19.192, +0.028,+0.923
1657071660,+3.52,+19.201, +0.029,+0.923
1657072260,+3.52,+19.251, +0.028,+0.923
1657072860,+3.52,+19.243, +0.029,+0.923
1657073460,+3.52,+19.276, +0.031,+0.923
1657074060,+3.52,+19.301, +0.034,+0.923
1657074660,+3.52,+19.352, +0.032,+0.923
1657075260,+3.52,+19.343, +0.032,+0.923
1657075860,+3.52,+19.385, +0.035,+0.923
1657076460,+3.52,+19.402, +0.040,+0.923
1657077060,+3.52,+19.477, +0.051,+0.923
1657077660,+3.52,+19.553, +0.058,+0.923
1657078260,+3.52,+19.620, +0.050,+0.923
1657078860,+3.52,+19.721, +0.050,+0.923
1657079460,+3.52,+19.813, +0.047,+0.923
1657080060,+3.51,+19.897, +0.043,+0.923
1657080660,+3.52,+20.014, +0.030,+0.922
1657081260,+3.52,+20.106, +0.027,+0.922
1657081860,+3.52,+20.215, +0.027,+0.922
1657082460,+3.52,+20.341, +0.027,+0.922
1657083060,+3.52,+20.483, +0.027,+0.922
1657083660,+3.52,+20.608, +0.027,+0.922
1657084260,+3.52,+20.700, +0.026,+0.922
1657084860,+3.52,+20.818, +0.027,+0.922
1657085460,+3.51,+20.935, +0.026,+0.922
1657086060,+3.51,+21.035, +0.026,+0.922
1657086660,+3.52,+21.110, +0.027,+0.922
1657087260,+3.52,+21.244, +0.026,+0.922
1657087860,+3.52,+21.345, +0.026,+0.922
1657088460,+3.52,+21.428, +0.026,+0.922
1657089060,+3.52,+21.512, +0.026,+0.922
1657089660,+3.52,+21.629, +0.027,+0.922
1657090260,+3.52,+21.696, +0.026,+0.921
1657090860,+3.51,+21.763, +0.026,+0.922
1657091460,+3.51,+21.838, +0.026,+0.921
1657092060,+3.51,+21.888, +0.026,+0.921
1657092660,+3.51,+21.947, +0.026,+0.921
1657093260,+3.51,+21.997, +0.026,+0.921
1657093860,+3.51,+22.056, +0.026,+0.921
1657094460,+3.51,+22.097, +0.027,+0.922
1657095060,+3.52,+22.156, +0.026,+0.921
1657095660,+3.52,+22.189, +0.027,+0.921
1657096260,+3.52,+22.256, +0.027,+0.921
1657096860,+3.52,+22.265, +0.026,+0.921
1657097460,+3.52,+22.306, +0.026,+0.921
1657098060,+3.52,+22.340, +0.027,+0.921
1657098660,+3.52,+22.357, +0.026,+0.921
1657099260,+3.52,+22.365, +0.026,+0.921
1657099860,+3.52,+22.407, +0.026,+0.921
1657100460,+3.52,+22.415, +0.027,+0.921
1657101060,+3.52,+22.440, +0.026,+0.921
1657101660,+3.52,+22.465, +0.026,+0.921
1657102260,+3.52,+22.491, +0.027,+0.921
1657102860,+3.52,+22.532, +0.026,+0.921
1657103460,+3.52,+22.524, +0.026,+0.921
1657104060,+3.52,+22.549, +0.026,+0.921
1657104660,+3.52,+22.499, +0.026,+0.921
1657105260,+3.52,+22.440, +0.026,+0.921
1657105860,+3.52,+22.348, +0.027,+0.921
1657106460,+3.52,+22.298, +0.026,+0.921
1657107060,+3.52,+22.214, +0.027,+0.922
1657107660,+3.52,+22.097, +0.027,+0.922
1657108260,+3.52,+22.005, +0.026,+0.922
1657108860,+3.52,+21.888, +0.026,+0.922
1657109460,+3.52,+21.796, +0.026,+0.922
1657110060,+3.52,+21.679, +0.026,+0.922
1657110660,+3.52,+21.562, +0.026,+0.922
1657111260,+3.52,+21.437, +0.026,+0.922
1657111860,+3.52,+21.345, +0.025,+0.922
1657112460,+3.52,+21.244, +0.026,+0.922
1657113060,+3.52,+21.161, +0.026,+0.922
1657113660,+3.52,+21.027, +0.026,+0.922
1657114260,+3.52,+20.926, +0.026,+0.922
1657114860,+3.52,+20.809, +0.026,+0.922
1657115460,+3.52,+20.726, +0.026,+0.922
1657116060,+3.52,+20.608, +0.026,+0.923
1657116660,+3.52,+20.533, +0.026,+0.923
1657117260,+3.52,+20.441, +0.027,+0.923
1657117860,+3.52,+20.324, +0.027,+0.923
1657118460,+3.52,+20.207, +7.641,+0.938
1657119060,+3.52,+20.006, +8.776,+0.937
1657119660,+3.52,+19.897, +9.023,+0.936
1657120260,+3.52,+19.763, +9.085,+0.936
