7450-581372
OS REV: 1.05 Sensor Cal: 1635263164
Time (sec),  BV (Volts),  T (deg C),  DO (mg/l),  Q ()
1658425860,+3.51,+15.962,+20.887,+0.937
1658426460,+3.51,+15.927,+20.766,+0.936
1658427060,+3.51,+15.876,+20.743,+0.937
1658427660,+3.51,+15.868,+20.818,+0.936
1658428260,+3.51,+15.851,+20.824,+0.938
1658428860,+3.51,+15.868,+20.562,+0.936
1658429460,+3.51,+15.902,+20.408,+0.937
1658430060,+3.51,+15.945,+21.417,+0.936
1658430660,+3.51,+15.970,+21.345,+0.937
1658431260,+3.51,+16.013,+21.367,+0.938
1658431860,+3.51,+16.047,+21.266,+0.938
1658432460,+3.51,+16.056,+21.100,+0.936
1658433060,+3.51,+16.090,+20.936,+0.936
1658433660,+3.51,+16.098,+21.288,+0.937
1658434260,+3.51,+16.090,+20.793,+0.936
1658434860,+3.51,+16.090,+21.017,+0.937
1658435460,+3.51,+16.056,+21.204,+0.937
1658436060,+3.51,+16.056,+21.110,+0.936
1658436660,+3.51,+16.004,+21.167,+0.938
1658437260,+3.51,+15.979,+21.247,+0.938
1658437860,+3.51,+15.945,+21.164,+0.937
1658438460,+3.51,+15.910,+21.171,+0.937
1658439060,+3.51,+15.893,+20.912,+0.936
1658439660,+3.51,+15.876,+21.083,+0.937
1658440260,+3.51,+15.851,+20.956,+0.936
1658440860,+3.51,+15.876,+20.767,+0.937
1658441460,+3.51,+15.902,+20.982,+0.937
1658442060,+3.51,+15.945,+21.642,+0.937
1658442660,+3.51,+15.996,+21.303,+0.937
1658443260,+3.51,+16.030,+21.417,+0.938
1658443860,+3.51,+16.056,+21.487,+0.937
1658444460,+3.51,+16.064,+21.157,+0.936
1658445060,+3.51,+16.090,+20.673,+0.937
1658445660,+3.51,+16.124,+21.239,+0.937
1658446260,+3.51,+16.090,+20.901,+0.937
1658446860,+3.51,+16.090,+20.726,+0.936
1658447460,+3.51,+16.064,+20.752,+0.937
1658448060,+3.51,+16.081,+20.714,+0.937
1658448660,+3.51,+16.021,+20.734,+0.937
1658449260,+3.51,+15.996,+20.568,+0.936
1658449860,+3.51,+15.962,+20.316,+0.938
1658450460,+3.51,+15.910,+20.235,+0.937
1658451060,+3.51,+15.902,+20.191,+0.937
1658451660,+3.51,+15.859,+20.231,+0.936
1658452260,+3.51,+15.859,+20.149,+0.937
1658452860,+3.51,+15.833,+19.991,+0.936
1658453460,+3.51,+15.868,+19.926,+0.936
1658454060,+3.51,+15.902,+20.135,+0.936
1658454660,+3.51,+15.919,+20.344,+0.937
1658455260,+3.51,+15.970,+20.187,+0.937
1658455860,+3.51,+15.953,+18.177,+0.936
1658456460,+3.51,+15.953,+17.502,+0.936
1658457060,+3.51,+15.970,+16.996,+0.935
1658457660,+3.51,+15.962,+16.500,+0.934
1658458260,+3.51,+15.987,+16.082,+0.935
1658458860,+3.51,+15.979,+15.613,+0.934
1658459460,+3.51,+15.953,+15.245,+0.934
1658460060,+3.51,+15.953,+14.851,+0.934
1658460660,+3.51,+15.902,+14.613,+0.934
1658461260,+3.51,+15.876,+14.667,+0.934
1658461860,+3.51,+15.842,+14.752,+0.934
1658462460,+3.51,+15.816,+14.657,+0.934
1658463060,+3.51,+15.774,+14.484,+0.934
1658463660,+3.51,+15.756,+14.166,+0.935
1658464260,+3.51,+15.756,+13.906,+0.934
1658464860,+3.51,+15.748,+13.720,+0.934
1658465460,+3.51,+15.739,+13.434,+0.934
1658466060,+3.51,+15.765,+13.319,+0.934
1658466660,+3.51,+15.765,+13.365,+0.934
1658467260,+3.51,+15.808,+13.377,+0.935
1658467860,+3.51,+15.851,+13.552,+0.935
1658468460,+3.51,+15.885,+13.719,+0.934
1658469060,+3.51,+15.919,+13.817,+0.934
1658469660,+3.51,+15.936,+13.812,+0.935
1658470260,+3.51,+15.953,+14.264,+0.933
1658470860,+3.51,+15.936,+15.196,+0.935
1658471460,+3.51,+15.936,+14.747,+0.934
1658472060,+3.51,+15.919,+14.213,+0.934
1658472660,+3.51,+15.893,+14.155,+0.934
1658473260,+3.51,+15.851,+14.273,+0.934
1658473860,+3.51,+15.808,+14.439,+0.934
1658474460,+3.51,+15.791,+14.521,+0.934
1658475060,+3.51,+15.765,+14.404,+0.934
1658475660,+3.51,+15.731,+14.325,+0.934
1658476260,+3.51,+15.731,+14.141,+0.934
1658476860,+3.51,+15.722,+13.968,+0.935
1658477460,+3.51,+15.697,+13.668,+0.934
1658478060,+3.51,+15.722,+13.789,+0.934
1658478660,+3.51,+15.714,+13.518,+0.935
1658479260,+3.51,+15.739,+13.258,+0.934
1658479860,+3.51,+15.791,+13.181,+0.934
1658480460,+3.51,+15.808,+13.359,+0.934
1658481060,+3.51,+15.859,+13.652,+0.934
1658481660,+3.51,+15.859,+13.665,+0.934
1658482260,+3.51,+15.893,+13.730,+0.934
1658482860,+3.51,+15.927,+14.343,+0.934
1658483460,+3.51,+15.910,+14.721,+0.934
1658484060,+3.51,+15.927,+14.348,+0.934
1658484660,+3.51,+15.996,+15.493,+0.934
1658485260,+3.51,+15.962,+16.699,+0.936
1658485860,+3.51,+15.945,+17.312,+0.936
1658486460,+3.51,+15.945,+17.586,+0.935
1658487060,+3.51,+15.885,+17.843,+0.935
1658487660,+3.51,+15.859,+18.171,+0.935
1658488260,+3.51,+15.833,+18.466,+0.935
1658488860,+3.51,+15.808,+18.762,+0.937
1658489460,+3.51,+15.799,+18.844,+0.935
1658490060,+3.51,+15.808,+18.885,+0.936
1658490660,+3.51,+15.859,+19.025,+0.937
1658491260,+3.51,+15.885,+19.169,+0.936
1658491860,+3.51,+15.893,+19.377,+0.937
1658492460,+3.51,+15.962,+19.395,+0.936
1658493060,+3.51,+15.979,+19.400,+0.935
1658493660,+3.51,+16.030,+19.944,+0.936
1658494260,+3.51,+16.030,+19.732,+0.936
1658494860,+3.51,+16.056,+19.623,+0.937
1658495460,+3.51,+16.064,+19.782,+0.936
1658496060,+3.51,+16.073,+19.822,+0.936
1658496660,+3.51,+16.056,+19.560,+0.935
1658497260,+3.51,+16.038,+19.983,+0.936
1658497860,+3.51,+16.038,+20.041,+0.937
1658498460,+3.51,+15.987,+20.025,+0.937
1658499060,+3.51,+15.945,+19.984,+0.936
1658499660,+3.51,+15.927,+19.905,+0.937
1658500260,+3.51,+15.876,+19.889,+0.937
1658500860,+3.51,+15.859,+19.930,+0.935
1658501460,+3.51,+15.833,+20.308,+0.937
1658502060,+3.51,+15.842,+20.090,+0.937
1658502660,+3.51,+15.876,+19.866,+0.936
1658503260,+3.51,+15.945,+19.717,+0.936
1658503860,+3.51,+15.979,+19.961,+0.937
1658504460,+3.51,+16.013,+20.550,+0.938
1658505060,+3.51,+16.021,+20.748,+0.937
1658505660,+3.51,+16.073,+20.550,+0.938
1658506260,+3.51,+16.098,+20.074,+0.937
1658506860,+3.51,+16.098,+20.083,+0.937
1658507460,+3.51,+16.115,+20.367,+0.936
1658508060,+3.51,+16.098,+20.117,+0.936
1658508660,+3.51,+16.081,+20.277,+0.936
1658509260,+3.51,+16.073,+20.429,+0.938
1658509860,+3.51,+16.038,+20.397,+0.936
1658510460,+3.51,+16.030,+20.399,+0.937
1658511060,+3.51,+16.004,+20.409,+0.936
1658511660,+3.51,+15.987,+20.635,+0.937
1658512260,+3.51,+15.970,+20.370,+0.937
