7450-495817
OS REV: 1.05 Sensor Cal: 1635261901
Time (sec),  BV (Volts),  T (deg C),  DO (mg/l),  Q ()
1660688040,+3.53,+24.853,+18.102,+0.941
1660688640,+3.53,+24.845,+17.985,+0.941
1660689240,+3.53,+24.820,+17.690,+0.941
1660689840,+3.53,+24.820,+17.365,+0.941
1660690440,+3.53,+24.828,+17.272,+0.940
1660691040,+3.53,+24.845,+17.472,+0.940
1660691640,+3.53,+24.795,+17.521,+0.940
1660692240,+3.53,+24.820,+17.341,+0.939
1660692840,+3.53,+24.828,+17.451,+0.940
1660693440,+3.53,+24.803,+17.521,+0.941
1660694040,+3.53,+24.803,+17.550,+0.940
1660694640,+3.53,+24.761,+17.590,+0.940
1660695240,+3.53,+24.753,+17.370,+0.939
1660695840,+3.53,+24.778,+17.356,+0.938
1660696440,+3.53,+24.803,+17.506,+0.940
1660697040,+3.53,+24.778,+17.448,+0.940
1660697640,+3.53,+24.803,+17.467,+0.941
1660698240,+3.53,+24.811,+17.449,+0.940
1660698840,+3.53,+24.795,+17.416,+0.938
1660699440,+3.53,+24.786,+17.422,+0.941
1660700040,+3.53,+24.811,+17.299,+0.941
1660700640,+3.53,+24.837,+17.168,+0.940
1660701240,+3.53,+24.828,+17.092,+0.939
1660701840,+3.53,+24.778,+15.806,+0.941
1660702440,+3.53,+24.744,+14.223,+0.941
1660703040,+3.53,+24.736,+12.970,+0.941
1660703640,+3.53,+24.711,+11.915,+0.939
1660704240,+3.53,+24.702,+11.059,+0.938
1660704840,+3.53,+24.736,+10.296,+0.937
1660705440,+3.53,+24.719, +9.674,+0.937
1660706040,+3.53,+24.694, +9.147,+0.935
1660706640,+3.53,+24.660, +8.622,+0.934
1660707240,+3.53,+24.652, +8.246,+0.934
1660707840,+3.53,+24.660, +7.882,+0.934
1660708440,+3.53,+24.669, +7.502,+0.933
1660709040,+3.53,+24.677, +7.146,+0.933
1660709640,+3.53,+24.677, +6.786,+0.931
1660710240,+3.53,+24.677, +6.455,+0.931
1660710840,+3.53,+24.644, +6.170,+0.930
1660711440,+3.53,+24.610, +5.924,+0.931
1660712040,+3.53,+24.610, +5.720,+0.931
1660712640,+3.53,+24.627, +5.579,+0.932
1660713240,+3.53,+24.635, +5.480,+0.932
1660713840,+3.53,+24.602, +5.409,+0.932
1660714440,+3.53,+24.618, +5.375,+0.933
1660715040,+3.53,+24.593, +5.356,+0.934
1660715640,+3.53,+24.593, +5.315,+0.935
1660716240,+3.53,+24.602, +5.261,+0.935
1660716840,+3.53,+24.644, +5.147,+0.935
1660717440,+3.53,+24.644, +4.976,+0.935
1660718040,+3.53,+24.618, +4.845,+0.935
1660718640,+3.53,+24.576, +4.801,+0.935
1660719240,+3.53,+24.576, +4.738,+0.935
1660719840,+3.53,+24.576, +4.801,+0.937
1660720440,+3.53,+24.593, +4.725,+0.936
1660721040,+3.53,+24.602, +4.633,+0.936
1660721640,+3.53,+24.602, +4.613,+0.937
1660722240,+3.53,+24.602, +4.483,+0.936
1660722840,+3.53,+24.602, +4.312,+0.936
1660723440,+3.53,+24.576, +4.144,+0.935
1660724040,+3.53,+24.568, +3.964,+0.935
1660724640,+3.53,+24.568, +3.779,+0.935
1660725240,+3.53,+24.593, +3.602,+0.934
1660725840,+3.53,+24.585, +3.465,+0.934
1660726440,+3.53,+24.593, +3.370,+0.934
1660727040,+3.53,+24.534, +3.316,+0.935
1660727640,+3.53,+24.534, +3.311,+0.936
1660728240,+3.53,+24.543, +3.390,+0.937
1660728840,+3.53,+24.576, +3.427,+0.937
1660729440,+3.53,+24.576, +3.465,+0.938
1660730040,+3.53,+24.568, +3.549,+0.938
1660730640,+3.53,+24.560, +3.678,+0.939
1660731240,+3.53,+24.551, +3.706,+0.939
1660731840,+3.53,+24.551, +3.697,+0.939
1660732440,+3.53,+24.543, +3.710,+0.939
1660733040,+3.53,+24.560, +3.674,+0.939
1660733640,+3.53,+24.576, +3.648,+0.939
1660734240,+3.53,+24.560, +3.686,+0.939
1660734840,+3.53,+24.560, +3.734,+0.939
1660735440,+3.53,+24.543, +3.710,+0.939
1660736040,+3.53,+24.585, +5.565,+0.943
1660736640,+3.53,+24.618, +7.324,+0.938
1660737240,+3.53,+24.644, +8.613,+0.935
1660737840,+3.53,+24.702, +9.643,+0.933
1660738440,+3.53,+24.669,+10.531,+0.933
1660739040,+3.53,+24.677,+11.293,+0.933
1660739640,+3.53,+24.660,+11.927,+0.933
1660740240,+3.53,+24.660,+12.421,+0.935
1660740840,+3.53,+24.677,+12.766,+0.934
1660741440,+3.53,+24.753,+13.203,+0.936
1660742040,+3.53,+24.727,+13.558,+0.934
1660742640,+3.53,+24.719,+13.859,+0.935
1660743240,+3.53,+24.719,+14.162,+0.937
1660743840,+3.53,+24.719,+14.357,+0.936
1660744440,+3.53,+24.694,+14.501,+0.937
1660745040,+3.53,+24.702,+14.544,+0.936
1660745640,+3.53,+24.694,+14.744,+0.938
1660746240,+3.53,+24.669,+14.870,+0.938
1660746840,+3.53,+24.669,+14.884,+0.938
1660747440,+3.53,+24.677,+14.953,+0.938
1660748040,+3.53,+24.669,+15.161,+0.938
1660748640,+3.53,+24.677,+15.380,+0.939
1660749240,+3.53,+24.719,+15.591,+0.938
1660749840,+3.53,+24.753,+15.934,+0.938
1660750440,+3.53,+24.778,+16.232,+0.938
1660751040,+3.53,+24.778,+16.523,+0.939
1660751640,+3.53,+24.753,+16.757,+0.939
1660752240,+3.53,+24.736,+16.907,+0.937
1660752840,+3.53,+24.727,+17.109,+0.938
1660753440,+3.53,+24.727,+17.331,+0.940
1660754040,+3.53,+24.761,+17.543,+0.940
1660754640,+3.53,+24.769,+18.426,+0.942
1660755240,+3.53,+24.711,+19.070,+0.941
1660755840,+3.53,+24.719,+19.137,+0.942
1660756440,+3.53,+24.702,+19.112,+0.943
1660757040,+3.53,+24.694,+19.048,+0.942
1660757640,+3.53,+24.736,+19.092,+0.941
1660758240,+3.53,+24.744,+19.019,+0.944
1660758840,+3.53,+24.727,+18.560,+0.941
1660759440,+3.53,+24.719,+18.279,+0.941
1660760040,+3.53,+24.711,+18.285,+0.942
1660760640,+3.53,+24.686,+18.220,+0.943
1660761240,+3.53,+24.694,+18.051,+0.941
1660761840,+3.53,+24.753,+17.869,+0.940
1660762440,+3.53,+24.786,+17.917,+0.941
1660763040,+3.53,+24.761,+17.800,+0.940
1660763640,+3.53,+24.803,+17.750,+0.941
1660764240,+3.53,+24.795,+18.152,+0.941
1660764840,+3.53,+24.786,+18.617,+0.943
1660765440,+3.53,+24.786,+18.949,+0.943
1660766040,+3.53,+24.786,+19.226,+0.942
1660766640,+3.53,+24.803,+19.537,+0.943
1660767240,+3.53,+24.786,+19.780,+0.942
1660767840,+3.53,+24.778,+19.961,+0.944
1660768440,+3.53,+24.769,+19.973,+0.941
1660769040,+3.53,+24.753,+20.136,+0.944
1660769640,+3.53,+24.778,+20.217,+0.944
1660770240,+3.53,+24.778,+20.277,+0.944
1660770840,+3.53,+24.761,+20.289,+0.942
1660771440,+3.53,+24.719,+20.144,+0.943
1660772040,+3.53,+24.727,+19.670,+0.942
1660772640,+3.53,+24.711,+19.323,+0.942
1660773240,+3.53,+24.686,+18.954,+0.943
1660773840,+3.53,+24.711,+18.738,+0.942
1660774440,+3.53,+24.736,+18.785,+0.943
