7450-495817
OS REV: 1.05 Sensor Cal: 1635261901
Time (sec),  BV (Volts),  T (deg C),  DO (mg/l),  Q ()
1658078040,+3.53,+25.206,+17.835,+0.940
1658078640,+3.53,+25.156,+17.428,+0.942
1658079240,+3.53,+25.173,+17.445,+0.940
1658079840,+3.53,+25.173,+18.202,+0.941
1658080440,+3.53,+25.206,+18.867,+0.943
1658081040,+3.53,+25.223,+18.219,+0.941
1658081640,+3.53,+25.206,+17.458,+0.940
1658082240,+3.53,+25.232,+17.653,+0.942
1658082840,+3.53,+25.206,+17.054,+0.941
1658083440,+3.53,+25.223,+17.731,+0.941
1658084040,+3.53,+25.215,+17.248,+0.941
1658084640,+3.53,+25.190,+17.291,+0.941
1658085240,+3.53,+25.223,+18.303,+0.942
1658085840,+3.53,+25.240,+19.154,+0.942
1658086440,+3.53,+25.249,+18.132,+0.942
1658087040,+3.53,+25.240,+17.226,+0.939
1658087640,+3.53,+25.240,+17.163,+0.940
1658088240,+3.53,+25.240,+16.863,+0.939
1658088840,+3.53,+25.223,+17.095,+0.942
1658089440,+3.53,+25.198,+17.206,+0.940
1658090040,+3.53,+25.232,+17.417,+0.942
1658090640,+3.53,+25.249,+18.504,+0.942
1658091240,+3.53,+25.265,+19.266,+0.943
1658091840,+3.53,+25.257,+19.691,+0.944
1658092440,+3.53,+25.240,+18.389,+0.942
1658093040,+3.53,+25.206,+17.826,+0.942
1658093640,+3.53,+25.257,+17.924,+0.941
1658094240,+3.53,+25.215,+17.989,+0.940
1658094840,+3.53,+25.206,+17.110,+0.937
1658095440,+3.53,+25.198,+17.782,+0.941
1658096040,+3.53,+25.223,+18.445,+0.942
1658096640,+3.53,+25.249,+19.144,+0.943
1658097240,+3.53,+25.265,+18.935,+0.943
1658097840,+3.53,+25.282,+18.229,+0.942
1658098440,+3.53,+25.274,+17.628,+0.940
1658099040,+3.53,+25.257,+17.316,+0.941
1658099640,+3.53,+25.265,+17.079,+0.942
1658100240,+3.53,+25.257,+17.306,+0.941
1658100840,+3.53,+25.232,+17.082,+0.940
1658101440,+3.53,+25.265,+17.428,+0.941
1658102040,+3.53,+25.257,+18.659,+0.943
1658102640,+3.53,+25.282,+18.989,+0.942
1658103240,+3.53,+25.291,+19.652,+0.942
1658103840,+3.53,+25.282,+18.430,+0.940
1658104440,+3.53,+25.257,+17.360,+0.940
1658105040,+3.53,+25.240,+17.199,+0.941
1658105640,+3.53,+25.249,+16.905,+0.941
1658106240,+3.53,+25.206,+16.706,+0.941
1658106840,+3.53,+25.190,+17.134,+0.941
1658107440,+3.53,+25.232,+17.107,+0.943
1658108040,+3.53,+25.249,+18.051,+0.942
1658108640,+3.53,+25.257,+17.597,+0.942
1658109240,+3.53,+25.232,+17.025,+0.940
1658109840,+3.53,+25.190,+12.898,+0.940
1658110440,+3.53,+25.164, +9.441,+0.941
1658111040,+3.53,+25.148, +7.794,+0.940
1658111640,+3.53,+25.139, +6.875,+0.936
1658112240,+3.53,+25.122, +6.343,+0.934
1658112840,+3.53,+25.131, +5.381,+0.930
1658113440,+3.53,+25.131, +4.601,+0.926
1658114040,+3.53,+25.106, +5.143,+0.927
1658114640,+3.53,+25.097, +5.832,+0.931
1658115240,+3.53,+25.089, +5.821,+0.932
1658115840,+3.53,+25.072, +5.832,+0.932
1658116440,+3.53,+25.072, +5.535,+0.933
1658117040,+3.53,+25.080, +4.916,+0.930
1658117640,+3.53,+25.089, +4.331,+0.927
1658118240,+3.53,+25.080, +4.442,+0.927
1658118840,+3.53,+25.089, +5.129,+0.930
1658119440,+3.53,+25.038, +5.451,+0.932
1658120040,+3.53,+25.038, +5.402,+0.932
1658120640,+3.53,+25.022, +5.153,+0.932
1658121240,+3.53,+25.005, +4.831,+0.930
1658121840,+3.53,+25.038, +4.006,+0.929
1658122440,+3.53,+25.038, +3.815,+0.928
1658123040,+3.53,+25.030, +4.663,+0.930
1658123640,+3.53,+25.013, +5.046,+0.932
1658124240,+3.53,+25.030, +5.264,+0.931
1658124840,+3.53,+25.005, +5.356,+0.932
1658125440,+3.53,+25.030, +5.099,+0.932
1658126040,+3.53,+25.030, +4.227,+0.929
1658126640,+3.53,+25.038, +3.515,+0.926
1658127240,+3.53,+25.047, +3.364,+0.923
1658127840,+3.53,+25.038, +4.301,+0.927
1658128440,+3.53,+25.022, +4.857,+0.931
1658129040,+3.53,+25.013, +5.077,+0.933
1658129640,+3.53,+25.013, +4.849,+0.933
1658130240,+3.53,+25.013, +4.023,+0.931
1658130840,+3.53,+25.038, +3.415,+0.929
1658131440,+3.53,+25.022, +3.902,+0.929
1658132040,+3.53,+24.988, +4.331,+0.931
1658132640,+3.53,+25.005, +4.650,+0.932
1658133240,+3.53,+24.988, +4.776,+0.932
1658133840,+3.53,+24.954, +4.987,+0.933
1658134440,+3.53,+24.988, +4.434,+0.933
1658135040,+3.53,+25.013, +3.553,+0.931
1658135640,+3.53,+25.013, +3.256,+0.930
1658136240,+3.53,+25.013, +4.119,+0.931
1658136840,+3.53,+25.005, +4.618,+0.933
1658137440,+3.53,+24.988, +4.562,+0.933
1658138040,+3.53,+24.988, +4.669,+0.933
1658138640,+3.53,+25.022, +4.148,+0.932
1658139240,+3.53,+25.005, +3.381,+0.930
1658139840,+3.53,+25.022, +2.923,+0.927
1658140440,+3.53,+24.996, +3.747,+0.930
1658141040,+3.53,+25.013, +7.071,+0.943
1658141640,+3.53,+25.005,+11.623,+0.941
1658142240,+3.53,+25.022,+13.819,+0.941
1658142840,+3.53,+25.038,+15.098,+0.939
1658143440,+3.53,+25.038,+16.150,+0.939
1658144040,+3.53,+25.038,+16.963,+0.938
1658144640,+3.53,+25.047,+16.296,+0.939
1658145240,+3.53,+25.038,+15.966,+0.938
1658145840,+3.53,+25.064,+16.060,+0.940
1658146440,+3.53,+25.089,+16.416,+0.940
1658147040,+3.53,+25.072,+16.614,+0.939
1658147640,+3.53,+25.064,+17.118,+0.938
1658148240,+3.53,+25.072,+17.094,+0.941
1658148840,+3.53,+25.122,+17.706,+0.940
1658149440,+3.53,+25.131,+16.911,+0.939
1658150040,+3.53,+25.164,+16.808,+0.940
1658150640,+3.53,+25.156,+17.128,+0.940
1658151240,+3.53,+25.173,+17.634,+0.940
1658151840,+3.53,+25.164,+17.784,+0.941
1658152440,+3.53,+25.139,+17.441,+0.938
1658153040,+3.53,+25.156,+17.560,+0.938
1658153640,+3.53,+25.173,+18.702,+0.941
1658154240,+3.53,+25.198,+19.003,+0.942
1658154840,+3.53,+25.198,+18.107,+0.940
1658155440,+3.53,+25.206,+15.183,+0.938
1658156040,+3.53,+25.232,+16.237,+0.940
1658156640,+3.53,+25.223,+17.180,+0.940
1658157240,+3.53,+25.206,+17.990,+0.940
1658157840,+3.53,+25.206,+18.281,+0.941
1658158440,+3.53,+25.156,+17.791,+0.940
1658159040,+3.53,+25.164,+17.301,+0.937
1658159640,+3.53,+25.198,+18.502,+0.942
1658160240,+3.53,+25.232,+18.148,+0.941
1658160840,+3.53,+25.198,+18.129,+0.940
1658161440,+3.53,+25.232,+18.180,+0.939
1658162040,+3.53,+25.223,+18.332,+0.939
1658162640,+3.53,+25.190,+18.249,+0.940
1658163240,+3.53,+25.156,+17.859,+0.940
1658163840,+3.53,+25.181,+18.183,+0.938
1658164440,+3.53,+25.190,+19.019,+0.940
