7450-531511
OS REV: 1.05 Sensor Cal: 1635266107
Time (sec),  BV (Volts),  T (deg C),  DO (mg/l),  Q ()
1657642860,+3.53,+25.379, +8.654,+0.960
1657643460,+3.53,+25.354, +8.591,+0.959
1657644060,+3.53,+25.337, +8.686,+0.959
1657644660,+3.53,+25.379, +8.773,+0.960
1657645260,+3.53,+25.346, +8.800,+0.959
1657645860,+3.53,+25.354, +8.870,+0.959
1657646460,+3.53,+25.371, +8.954,+0.959
1657647060,+3.53,+25.405, +8.926,+0.959
1657647660,+3.53,+25.362, +8.714,+0.960
1657648260,+3.53,+25.346, +8.695,+0.959
1657648860,+3.53,+25.329, +8.737,+0.960
1657649460,+3.53,+25.362, +8.822,+0.960
1657650060,+3.53,+25.329, +8.813,+0.959
1657650660,+3.53,+25.337, +8.967,+0.960
1657651260,+3.53,+25.362, +9.041,+0.959
1657651860,+3.53,+25.379, +9.050,+0.960
1657652460,+3.53,+25.405, +9.135,+0.960
1657653060,+3.53,+25.396, +9.002,+0.960
1657653660,+3.53,+25.422, +8.932,+0.960
1657654260,+3.53,+25.413, +8.998,+0.960
1657654860,+3.53,+25.354, +8.763,+0.960
1657655460,+3.53,+25.396, +8.956,+0.959
1657656060,+3.53,+25.371, +8.963,+0.960
1657656660,+3.53,+25.371, +9.075,+0.960
1657657260,+3.53,+25.371, +9.174,+0.959
1657657860,+3.53,+25.379, +9.237,+0.960
1657658460,+3.53,+25.371, +9.319,+0.960
1657659060,+3.53,+25.346, +8.939,+0.959
1657659660,+3.53,+25.329, +8.963,+0.960
1657660260,+3.53,+25.337, +8.945,+0.960
1657660860,+3.53,+25.329, +8.960,+0.959
1657661460,+3.53,+25.354, +9.070,+0.960
1657662060,+3.53,+25.346, +9.152,+0.960
1657662660,+3.53,+25.337, +9.168,+0.959
1657663260,+3.53,+25.371, +9.285,+0.959
1657663860,+3.53,+25.388, +9.386,+0.960
1657664460,+3.53,+25.388, +9.177,+0.959
1657665060,+3.53,+25.379, +9.195,+0.960
1657665660,+3.53,+25.379, +9.107,+0.959
1657666260,+3.53,+25.346, +8.998,+0.959
1657666860,+3.53,+25.320, +9.034,+0.960
1657667460,+3.53,+25.337, +9.193,+0.959
1657668060,+3.53,+25.362, +9.370,+0.960
1657668660,+3.53,+25.337, +9.445,+0.959
1657669260,+3.53,+25.362, +9.411,+0.960
1657669860,+3.53,+25.354, +9.232,+0.960
1657670460,+3.53,+25.337, +9.071,+0.959
1657671060,+3.53,+25.320, +9.062,+0.960
1657671660,+3.53,+25.329, +9.095,+0.959
1657672260,+3.53,+25.320, +9.232,+0.960
1657672860,+3.53,+25.337, +9.199,+0.960
1657673460,+3.53,+25.303, +9.157,+0.960
1657674060,+3.53,+25.354, +9.276,+0.960
1657674660,+3.53,+25.346, +9.423,+0.960
1657675260,+3.53,+25.371, +9.495,+0.960
1657675860,+3.53,+25.379, +9.508,+0.959
1657676460,+3.53,+25.354, +9.040,+0.960
1657677060,+3.53,+25.379, +9.080,+0.960
1657677660,+3.53,+25.312, +8.233,+0.959
1657678260,+3.53,+25.303, +7.984,+0.959
1657678860,+3.53,+25.278, +8.008,+0.959
1657679460,+3.53,+25.278, +7.972,+0.959
1657680060,+3.53,+25.261, +7.517,+0.960
1657680660,+3.53,+25.270, +7.358,+0.959
1657681260,+3.53,+25.270, +7.763,+0.960
1657681860,+3.53,+25.219, +8.022,+0.959
1657682460,+3.53,+25.211, +8.070,+0.960
1657683060,+3.53,+25.228, +8.000,+0.960
1657683660,+3.53,+25.194, +7.950,+0.960
1657684260,+3.53,+25.194, +7.718,+0.960
1657684860,+3.53,+25.194, +7.473,+0.960
1657685460,+3.53,+25.194, +7.575,+0.959
1657686060,+3.53,+25.177, +7.833,+0.960
1657686660,+3.53,+25.177, +7.916,+0.960
1657687260,+3.53,+25.152, +8.025,+0.959
1657687860,+3.53,+25.160, +7.976,+0.959
1657688460,+3.53,+25.143, +7.913,+0.960
1657689060,+3.53,+25.177, +7.332,+0.959
1657689660,+3.53,+25.177, +7.149,+0.959
1657690260,+3.53,+25.211, +7.532,+0.959
1657690860,+3.53,+25.160, +7.901,+0.960
1657691460,+3.53,+25.169, +7.998,+0.960
1657692060,+3.53,+25.169, +7.908,+0.959
1657692660,+3.53,+25.169, +7.921,+0.960
1657693260,+3.53,+25.152, +7.803,+0.960
1657693860,+3.53,+25.152, +7.386,+0.959
1657694460,+3.53,+25.177, +7.209,+0.959
1657695060,+3.53,+25.177, +7.684,+0.959
1657695660,+3.53,+25.118, +7.922,+0.959
1657696260,+3.53,+25.118, +7.880,+0.959
1657696860,+3.53,+25.093, +7.828,+0.960
1657697460,+3.53,+25.101, +7.781,+0.960
1657698060,+3.53,+25.110, +7.528,+0.960
1657698660,+3.53,+25.101, +7.636,+0.960
1657699260,+3.53,+25.110, +7.764,+0.959
1657699860,+3.53,+25.093, +7.829,+0.960
1657700460,+3.53,+25.076, +7.877,+0.959
1657701060,+3.53,+25.076, +7.810,+0.959
1657701660,+3.53,+25.051, +7.688,+0.959
1657702260,+3.53,+25.051, +7.599,+0.960
1657702860,+3.53,+25.084, +7.446,+0.959
1657703460,+3.53,+25.118, +7.493,+0.960
1657704060,+3.53,+25.110, +7.682,+0.960
1657704660,+3.53,+25.093, +7.798,+0.960
1657705260,+3.53,+25.068, +7.791,+0.959
1657705860,+3.53,+25.076, +7.754,+0.960
1657706460,+3.53,+25.101, +7.424,+0.960
1657707060,+3.53,+25.084, +7.126,+0.960
1657707660,+3.53,+25.135, +7.338,+0.960
1657708260,+3.53,+25.143, +8.434,+0.959
1657708860,+3.53,+25.143, +8.734,+0.960
1657709460,+3.53,+25.118, +8.790,+0.960
1657710060,+3.53,+25.135, +8.868,+0.960
1657710660,+3.53,+25.177, +9.092,+0.959
1657711260,+3.53,+25.202, +8.992,+0.959
1657711860,+3.53,+25.253, +9.157,+0.959
1657712460,+3.53,+25.295, +9.201,+0.960
1657713060,+3.53,+25.329, +9.023,+0.960
1657713660,+3.53,+25.320, +9.098,+0.960
1657714260,+3.53,+25.278, +8.907,+0.959
1657714860,+3.53,+25.303, +8.969,+0.960
1657715460,+3.53,+25.287, +8.998,+0.960
1657716060,+3.53,+25.312, +9.136,+0.959
1657716660,+3.53,+25.329, +9.202,+0.960
1657717260,+3.53,+25.354, +9.215,+0.959
1657717860,+3.53,+25.346, +9.213,+0.960
1657718460,+3.53,+25.354, +9.061,+0.960
1657719060,+3.53,+25.337, +8.959,+0.959
1657719660,+3.53,+25.329, +9.031,+0.959
1657720260,+3.53,+25.371, +9.321,+0.960
1657720860,+3.53,+25.337, +9.140,+0.959
1657721460,+3.53,+25.337, +9.253,+0.960
1657722060,+3.53,+25.346, +9.366,+0.960
1657722660,+3.53,+25.346, +9.506,+0.960
1657723260,+3.53,+25.379, +9.525,+0.960
1657723860,+3.53,+25.362, +9.170,+0.960
1657724460,+3.53,+25.371, +9.276,+0.960
1657725060,+3.53,+25.354, +9.317,+0.960
1657725660,+3.53,+25.354, +9.167,+0.960
1657726260,+3.53,+25.371, +9.170,+0.960
1657726860,+3.53,+25.371, +9.397,+0.959
1657727460,+3.53,+25.379, +9.491,+0.960
1657728060,+3.53,+25.388, +9.433,+0.959
1657728660,+3.53,+25.430, +9.625,+0.960
1657729260,+3.53,+25.371, +9.364,+0.959
