7450-531511
OS REV: 1.05 Sensor Cal: 1635266107
Time (sec),  BV (Volts),  T (deg C),  DO (mg/l),  Q ()
1656859860,+3.53,+20.047, +1.533,+0.954
1656860460,+3.52,+19.947, +1.953,+0.956
1656861060,+3.52,+19.838, +2.314,+0.953
1656861660,+3.52,+19.737, +2.392,+0.954
1656862260,+3.52,+19.637, +2.423,+0.956
1656862860,+3.53,+19.553, +2.489,+0.954
1656863460,+3.53,+19.452, +2.371,+0.953
1656864060,+3.53,+19.377, +2.210,+0.953
1656864660,+3.53,+19.284, +1.904,+0.952
1656865260,+3.53,+19.242, +1.624,+0.954
1656865860,+3.53,+19.192, +1.492,+0.955
1656866460,+3.53,+19.167, +1.468,+0.955
1656867060,+3.53,+19.150, +1.680,+0.956
1656867660,+3.53,+19.167, +1.709,+0.956
1656868260,+3.53,+19.158, +1.896,+0.955
1656868860,+3.53,+19.175, +1.768,+0.955
1656869460,+3.53,+19.209, +1.492,+0.956
1656870060,+3.53,+19.209, +1.226,+0.954
1656870660,+3.53,+19.234, +1.305,+0.956
1656871260,+3.53,+19.251, +1.391,+0.958
1656871860,+3.53,+19.259, +1.433,+0.957
1656872460,+3.53,+19.284, +1.392,+0.957
1656873060,+3.53,+19.343, +1.524,+0.958
1656873660,+3.53,+19.326, +1.609,+0.958
1656874260,+3.53,+19.335, +1.541,+0.957
1656874860,+3.53,+19.293, +1.406,+0.956
1656875460,+3.53,+19.276, +1.143,+0.956
1656876060,+3.53,+19.242, +1.068,+0.955
1656876660,+3.53,+19.175, +1.137,+0.956
1656877260,+3.53,+19.116, +1.048,+0.954
1656877860,+3.53,+19.041, +1.277,+0.956
1656878460,+3.53,+19.007, +1.255,+0.956
1656879060,+3.52,+18.990, +1.360,+0.958
1656879660,+3.52,+18.965, +1.331,+0.957
1656880260,+3.53,+19.024, +1.275,+0.956
1656880860,+3.53,+19.032, +1.374,+0.957
1656881460,+3.53,+19.007, +1.406,+0.958
1656882060,+3.53,+19.024, +1.517,+0.958
1656882660,+3.53,+19.066, +1.564,+0.955
1656883260,+3.53,+19.049, +1.328,+0.955
1656883860,+3.53,+19.074, +1.413,+0.957
1656884460,+3.53,+19.133, +1.408,+0.956
1656885060,+3.53,+19.150, +1.582,+0.957
1656885660,+3.53,+19.141, +1.504,+0.958
1656886260,+3.53,+19.175, +1.532,+0.958
1656886860,+3.53,+19.192, +1.541,+0.959
1656887460,+3.53,+19.242, +1.452,+0.958
1656888060,+3.53,+19.251, +1.433,+0.957
1656888660,+3.53,+19.217, +1.453,+0.956
1656889260,+3.53,+19.200, +1.563,+0.954
1656889860,+3.53,+19.158, +1.448,+0.955
1656890460,+3.53,+19.091, +1.570,+0.957
1656891060,+3.53,+19.024, +1.465,+0.958
1656891660,+3.52,+18.973, +1.533,+0.957
1656892260,+3.52,+18.931, +1.558,+0.955
1656892860,+3.52,+18.906, +1.546,+0.956
1656893460,+3.52,+18.906, +1.643,+0.955
1656894060,+3.52,+18.898, +1.836,+0.958
1656894660,+3.52,+18.915, +1.805,+0.959
1656895260,+3.52,+18.915, +1.722,+0.959
1656895860,+3.52,+18.948, +1.730,+0.958
1656896460,+3.52,+18.957, +1.879,+0.958
1656897060,+3.52,+18.982, +1.725,+0.958
1656897660,+3.52,+18.990, +1.605,+0.956
1656898260,+3.53,+19.032, +1.458,+0.955
1656898860,+3.53,+19.041, +1.534,+0.957
1656899460,+3.53,+19.083, +1.293,+0.956
1656900060,+3.53,+19.091, +1.227,+0.956
1656900660,+3.53,+19.116, +1.417,+0.958
1656901260,+3.52,+19.150, +1.149,+0.955
1656901860,+3.52,+19.183, +1.168,+0.953
1656902460,+3.52,+19.217, +1.351,+0.955
1656903060,+3.52,+19.267, +1.331,+0.955
1656903660,+3.52,+19.326, +1.325,+0.952
1656904260,+3.52,+19.343, +1.368,+0.952
1656904860,+3.52,+19.402, +1.327,+0.950
1656905460,+3.52,+19.469, +1.302,+0.951
1656906060,+3.52,+19.561, +1.194,+0.950
1656906660,+3.52,+19.653, +1.199,+0.952
1656907260,+3.52,+19.729, +1.249,+0.952
1656907860,+3.52,+19.846, +1.196,+0.952
1656908460,+3.52,+19.947, +1.109,+0.952
1656909060,+3.52,+20.047, +0.872,+0.952
1656909660,+3.52,+20.165, +0.716,+0.951
1656910260,+3.52,+20.265, +0.546,+0.949
1656910860,+3.52,+20.416, +0.266,+0.945
1656911460,+3.52,+20.508, +0.095,+0.942
1656912060,+3.52,+20.625, +0.073,+0.942
1656912660,+3.52,+20.768, +0.060,+0.942
1656913260,+3.52,+20.893, +0.056,+0.942
1656913860,+3.52,+20.985, +0.052,+0.942
1656914460,+3.52,+21.119, +0.053,+0.942
1656915060,+3.52,+21.203, +0.053,+0.942
1656915660,+3.52,+21.295, +0.053,+0.942
1656916260,+3.52,+21.354, +0.054,+0.942
1656916860,+3.52,+21.446, +0.053,+0.942
1656917460,+3.52,+21.546, +0.053,+0.942
1656918060,+3.52,+21.630, +0.053,+0.942
1656918660,+3.52,+21.655, +0.052,+0.942
1656919260,+3.52,+21.738, +0.053,+0.942
1656919860,+3.52,+21.797, +0.052,+0.942
1656920460,+3.52,+21.864, +0.053,+0.942
1656921060,+3.52,+21.922, +0.053,+0.942
1656921660,+3.52,+21.973, +0.052,+0.942
1656922260,+3.52,+22.065, +0.052,+0.942
1656922860,+3.52,+22.090, +0.053,+0.942
1656923460,+3.52,+22.132, +0.053,+0.942
1656924060,+3.52,+22.157, +0.052,+0.942
1656924660,+3.52,+22.199, +0.052,+0.942
1656925260,+3.52,+22.215, +0.053,+0.942
1656925860,+3.52,+22.266, +0.052,+0.942
1656926460,+3.52,+22.316, +0.052,+0.942
1656927060,+3.52,+22.324, +0.052,+0.942
1656927660,+3.52,+22.358, +0.052,+0.942
1656928260,+3.52,+22.408, +0.052,+0.942
1656928860,+3.52,+22.391, +0.052,+0.942
1656929460,+3.52,+22.450, +0.052,+0.942
1656930060,+3.52,+22.450, +0.052,+0.942
1656930660,+3.52,+22.492, +0.052,+0.942
1656931260,+3.52,+22.508, +0.052,+0.942
1656931860,+3.52,+22.508, +0.052,+0.942
1656932460,+3.52,+22.466, +0.052,+0.942
1656933060,+3.52,+22.391, +0.052,+0.942
1656933660,+3.53,+22.282, +0.052,+0.942
1656934260,+3.52,+22.199, +0.052,+0.942
1656934860,+3.52,+22.081, +0.052,+0.942
1656935460,+3.52,+21.973, +0.051,+0.942
1656936060,+3.52,+21.847, +0.051,+0.942
1656936660,+3.52,+21.730, +0.051,+0.942
1656937260,+3.52,+21.638, +0.051,+0.943
1656937860,+3.53,+21.529, +0.051,+0.942
1656938460,+3.53,+21.395, +0.051,+0.943
1656939060,+3.53,+21.287, +0.051,+0.943
1656939660,+3.53,+21.178, +0.051,+0.943
1656940260,+3.52,+21.077, +0.050,+0.943
1656940860,+3.52,+20.952, +0.051,+0.943
1656941460,+3.52,+20.860, +0.050,+0.943
1656942060,+3.52,+20.759, +0.050,+0.943
1656942660,+3.52,+20.659, +0.056,+0.943
1656943260,+3.53,+20.550, +0.057,+0.943
1656943860,+3.53,+20.458, +0.059,+0.943
1656944460,+3.53,+20.341, +0.077,+0.943
1656945060,+3.53,+20.223, +0.076,+0.943
1656945660,+3.53,+20.114, +0.084,+0.943
1656946260,+3.53,+20.047, +0.137,+0.944
