7450-531511
OS REV: 1.05 Sensor Cal: 1635266107
Time (sec),  BV (Volts),  T (deg C),  DO (mg/l),  Q ()
1657729860,+3.53,+25.362, +9.372,+0.960
1657730460,+3.53,+25.346, +9.259,+0.960
1657731060,+3.53,+25.371, +9.327,+0.959
1657731660,+3.53,+25.346, +9.350,+0.960
1657732260,+3.53,+25.329, +9.659,+0.960
1657732860,+3.53,+25.337, +9.755,+0.959
1657733460,+3.53,+25.362, +9.925,+0.960
1657734060,+3.53,+25.329, +9.597,+0.960
1657734660,+3.53,+25.320, +9.445,+0.960
1657735260,+3.53,+25.329, +9.306,+0.960
1657735860,+3.53,+25.329, +9.484,+0.960
1657736460,+3.53,+25.320, +9.552,+0.960
1657737060,+3.53,+25.303, +9.373,+0.960
1657737660,+3.53,+25.354, +9.797,+0.960
1657738260,+3.53,+25.346, +9.920,+0.960
1657738860,+3.53,+25.379, +9.897,+0.960
1657739460,+3.53,+25.405,+10.162,+0.960
1657740060,+3.53,+25.422, +9.478,+0.959
1657740660,+3.54,+25.422, +9.580,+0.960
1657741260,+3.53,+25.405, +9.563,+0.959
1657741860,+3.53,+25.371, +9.509,+0.960
1657742460,+3.53,+25.371, +9.752,+0.960
1657743060,+3.53,+25.388,+10.092,+0.960
1657743660,+3.53,+25.346,+10.017,+0.960
1657744260,+3.53,+25.362,+10.329,+0.960
1657744860,+3.53,+25.354,+10.324,+0.961
1657745460,+3.53,+25.362,+10.145,+0.960
1657746060,+3.53,+25.346, +9.656,+0.961
1657746660,+3.53,+25.320, +9.602,+0.960
1657747260,+3.53,+25.312, +9.849,+0.960
1657747860,+3.53,+25.329, +9.907,+0.960
1657748460,+3.53,+25.337,+10.062,+0.960
1657749060,+3.53,+25.362,+10.286,+0.960
1657749660,+3.53,+25.346,+10.151,+0.961
1657750260,+3.53,+25.379,+10.238,+0.960
1657750860,+3.53,+25.379,+10.426,+0.961
1657751460,+3.53,+25.354, +9.921,+0.960
1657752060,+3.53,+25.346, +9.935,+0.960
1657752660,+3.53,+25.337,+10.091,+0.961
1657753260,+3.53,+25.337, +9.900,+0.959
1657753860,+3.53,+25.354,+10.290,+0.961
1657754460,+3.53,+25.312,+10.427,+0.960
1657755060,+3.53,+25.337,+10.682,+0.959
1657755660,+3.53,+25.329,+10.275,+0.960
1657756260,+3.53,+25.295, +9.822,+0.960
1657756860,+3.53,+25.295, +9.857,+0.961
1657757460,+3.53,+25.261, +9.815,+0.960
1657758060,+3.53,+25.287,+10.297,+0.961
1657758660,+3.53,+25.270,+10.337,+0.961
1657759260,+3.53,+25.261,+10.091,+0.959
1657759860,+3.53,+25.270,+10.523,+0.960
1657760460,+3.53,+25.303,+10.548,+0.960
1657761060,+3.53,+25.295, +9.998,+0.961
1657761660,+3.53,+25.270, +9.775,+0.960
1657762260,+3.53,+25.261, +9.768,+0.960
1657762860,+3.53,+25.261, +9.651,+0.961
1657763460,+3.53,+25.253, +9.622,+0.960
1657764060,+3.53,+25.228, +8.639,+0.960
1657764660,+3.53,+25.219, +7.894,+0.960
1657765260,+3.53,+25.228, +7.895,+0.959
1657765860,+3.53,+25.202, +8.250,+0.960
1657766460,+3.53,+25.177, +8.304,+0.960
1657767060,+3.53,+25.169, +8.190,+0.960
1657767660,+3.53,+25.186, +8.141,+0.960
1657768260,+3.53,+25.143, +8.190,+0.959
1657768860,+3.53,+25.160, +7.805,+0.959
1657769460,+3.53,+25.143, +7.198,+0.960
1657770060,+3.53,+25.169, +7.439,+0.960
1657770660,+3.53,+25.127, +8.050,+0.960
1657771260,+3.53,+25.118, +8.246,+0.961
1657771860,+3.53,+25.110, +8.199,+0.959
1657772460,+3.53,+25.101, +7.914,+0.959
1657773060,+3.53,+25.084, +7.899,+0.960
1657773660,+3.53,+25.110, +7.789,+0.959
1657774260,+3.53,+25.084, +8.054,+0.960
1657774860,+3.53,+25.051, +8.139,+0.961
1657775460,+3.53,+25.068, +8.003,+0.960
1657776060,+3.53,+25.076, +8.053,+0.960
1657776660,+3.53,+25.026, +8.066,+0.959
1657777260,+3.53,+25.084, +7.514,+0.959
1657777860,+3.53,+25.059, +7.454,+0.960
1657778460,+3.53,+25.110, +7.255,+0.960
1657779060,+3.53,+25.093, +7.956,+0.960
1657779660,+3.53,+25.059, +8.040,+0.960
1657780260,+3.53,+25.059, +8.067,+0.960
1657780860,+3.53,+25.051, +8.085,+0.960
1657781460,+3.53,+25.059, +7.720,+0.960
1657782060,+3.53,+25.076, +7.238,+0.959
1657782660,+3.53,+25.110, +6.942,+0.959
1657783260,+3.53,+25.084, +7.490,+0.959
1657783860,+3.53,+25.034, +7.827,+0.960
1657784460,+3.53,+25.026, +8.028,+0.960
1657785060,+3.53,+25.009, +7.989,+0.960
1657785660,+3.53,+25.017, +7.811,+0.960
1657786260,+3.53,+25.034, +7.487,+0.959
1657786860,+3.53,+25.059, +7.288,+0.960
1657787460,+3.53,+25.068, +7.948,+0.960
1657788060,+3.53,+25.051, +7.941,+0.960
1657788660,+3.53,+25.026, +7.972,+0.960
1657789260,+3.53,+25.009, +7.899,+0.960
1657789860,+3.53,+24.992, +7.628,+0.960
1657790460,+3.53,+25.017, +7.577,+0.960
1657791060,+3.53,+25.034, +7.644,+0.960
1657791660,+3.53,+25.042, +7.705,+0.960
1657792260,+3.53,+25.034, +7.793,+0.960
1657792860,+3.53,+25.009, +7.884,+0.960
1657793460,+3.53,+24.983, +7.911,+0.960
1657794060,+3.53,+25.009, +7.342,+0.959
1657794660,+3.53,+25.093, +8.543,+0.960
1657795260,+3.53,+25.127, +9.367,+0.960
1657795860,+3.53,+25.152, +9.641,+0.960
1657796460,+3.53,+25.143, +9.721,+0.961
1657797060,+3.53,+25.143, +9.677,+0.960
1657797660,+3.53,+25.143, +9.499,+0.960
1657798260,+3.53,+25.127, +9.718,+0.960
1657798860,+3.53,+25.169, +9.954,+0.959
1657799460,+3.53,+25.186, +9.873,+0.960
1657800060,+3.53,+25.253,+10.133,+0.960
1657800660,+3.53,+25.270, +9.938,+0.960
1657801260,+3.53,+25.270, +9.722,+0.960
1657801860,+3.53,+25.270,+10.019,+0.960
1657802460,+3.53,+25.295, +9.786,+0.960
1657803060,+3.53,+25.270, +9.795,+0.960
1657803660,+3.53,+25.278,+10.118,+0.960
1657804260,+3.53,+25.312,+10.008,+0.960
1657804860,+3.53,+25.320,+10.289,+0.960
1657805460,+3.53,+25.303, +9.774,+0.960
1657806060,+3.53,+25.278, +9.703,+0.961
1657806660,+3.53,+25.295, +9.978,+0.960
1657807260,+3.53,+25.295, +9.968,+0.960
1657807860,+3.53,+25.295,+10.039,+0.960
1657808460,+3.53,+25.270, +9.659,+0.961
1657809060,+3.53,+25.287,+10.645,+0.960
1657809660,+3.53,+25.329,+11.142,+0.961
1657810260,+3.53,+25.320, +9.865,+0.960
1657810860,+3.53,+25.303, +9.905,+0.960
1657811460,+3.53,+25.312, +9.985,+0.960
1657812060,+3.53,+25.278,+10.074,+0.960
1657812660,+3.53,+25.312,+10.016,+0.961
1657813260,+3.53,+25.303,+10.066,+0.959
1657813860,+3.53,+25.295,+10.086,+0.960
1657814460,+3.53,+25.329,+11.042,+0.962
1657815060,+3.53,+25.362,+10.987,+0.961
1657815660,+3.53,+25.362,+10.465,+0.960
1657816260,+3.53,+25.371, +9.900,+0.960
