7450-531511
OS REV: 1.05 Sensor Cal: 1635266107
Time (sec),  BV (Volts),  T (deg C),  DO (mg/l),  Q ()
1658773860,+3.53,+25.312, +9.310,+0.961
1658774460,+3.53,+25.303, +9.451,+0.961
1658775060,+3.53,+25.312, +9.089,+0.961
1658775660,+3.53,+25.346, +8.898,+0.962
1658776260,+3.53,+25.346, +8.929,+0.961
1658776860,+3.53,+25.371, +8.914,+0.962
1658777460,+3.53,+25.371, +8.913,+0.962
1658778060,+3.53,+25.379, +9.004,+0.962
1658778660,+3.53,+25.362, +8.935,+0.961
1658779260,+3.53,+25.354, +9.705,+0.961
1658779860,+3.53,+25.362, +9.441,+0.962
1658780460,+3.53,+25.346, +9.746,+0.962
1658781060,+3.53,+25.312, +9.672,+0.962
1658781660,+3.53,+25.295, +9.592,+0.962
1658782260,+3.53,+25.303, +9.156,+0.961
1658782860,+3.53,+25.320, +8.673,+0.961
1658783460,+3.53,+25.329, +8.605,+0.961
1658784060,+3.53,+25.337, +8.674,+0.962
1658784660,+3.53,+25.346, +8.867,+0.961
1658785260,+3.53,+25.354, +8.800,+0.961
1658785860,+3.53,+25.362, +9.080,+0.962
1658786460,+3.53,+25.362, +9.215,+0.961
1658787060,+3.53,+25.329, +9.360,+0.961
1658787660,+3.53,+25.320,+10.019,+0.962
1658788260,+3.53,+25.329, +9.641,+0.962
1658788860,+3.53,+25.312, +9.549,+0.962
1658789460,+3.53,+25.312, +9.228,+0.962
1658790060,+3.53,+25.303, +9.181,+0.960
1658790660,+3.53,+25.329, +8.795,+0.961
1658791260,+3.53,+25.337, +9.118,+0.961
1658791860,+3.53,+25.362, +9.001,+0.961
1658792460,+3.53,+25.346, +9.383,+0.961
1658793060,+3.53,+25.354, +9.312,+0.961
1658793660,+3.53,+25.337, +9.301,+0.962
1658794260,+3.53,+25.329,+10.147,+0.961
1658794860,+3.53,+25.303, +9.669,+0.962
1658795460,+3.53,+25.303, +9.727,+0.962
1658796060,+3.53,+25.303, +9.386,+0.962
1658796660,+3.53,+25.320, +9.263,+0.961
1658797260,+3.53,+25.320, +8.976,+0.962
1658797860,+3.53,+25.346, +8.995,+0.961
1658798460,+3.53,+25.362, +8.967,+0.962
1658799060,+3.53,+25.354, +9.184,+0.961
1658799660,+3.53,+25.354, +9.279,+0.962
1658800260,+3.53,+25.354, +9.413,+0.961
1658800860,+3.53,+25.346, +9.501,+0.962
1658801460,+3.53,+25.312, +9.133,+0.962
1658802060,+3.53,+25.270, +9.062,+0.961
1658802660,+3.53,+25.253, +8.939,+0.961
1658803260,+3.53,+25.245, +8.861,+0.962
1658803860,+3.53,+25.245, +8.509,+0.962
1658804460,+3.53,+25.245, +8.291,+0.962
1658805060,+3.53,+25.245, +8.462,+0.961
1658805660,+3.53,+25.236, +8.574,+0.961
1658806260,+3.53,+25.219, +8.621,+0.962
1658806860,+3.53,+25.186, +8.760,+0.961
1658807460,+3.53,+25.160, +8.908,+0.962
1658808060,+3.53,+25.169, +8.531,+0.961
1658808660,+3.53,+25.152, +8.442,+0.961
1658809260,+3.53,+25.177, +8.118,+0.962
1658809860,+3.53,+25.143, +8.226,+0.961
1658810460,+3.53,+25.143, +8.373,+0.961
1658811060,+3.53,+25.127, +8.512,+0.961
1658811660,+3.53,+25.101, +8.593,+0.961
1658812260,+3.53,+25.093, +8.629,+0.962
1658812860,+3.53,+25.093, +8.141,+0.961
1658813460,+3.53,+25.093, +7.791,+0.961
1658814060,+3.53,+25.101, +8.023,+0.962
1658814660,+3.53,+25.093, +7.997,+0.961
1658815260,+3.53,+25.084, +8.195,+0.961
1658815860,+3.53,+25.093, +8.324,+0.962
1658816460,+3.53,+25.101, +8.356,+0.962
1658817060,+3.53,+25.076, +8.259,+0.961
1658817660,+3.53,+25.084, +8.048,+0.961
1658818260,+3.53,+25.051, +7.709,+0.961
1658818860,+3.53,+25.076, +7.722,+0.961
1658819460,+3.53,+25.101, +7.808,+0.961
1658820060,+3.53,+25.093, +8.120,+0.961
1658820660,+3.53,+25.084, +8.062,+0.962
1658821260,+3.53,+25.084, +8.119,+0.962
1658821860,+3.53,+25.068, +7.979,+0.962
1658822460,+3.53,+25.084, +7.908,+0.961
1658823060,+3.53,+25.068, +7.971,+0.962
1658823660,+3.53,+25.093, +7.885,+0.961
1658824260,+3.53,+25.084, +7.872,+0.962
1658824860,+3.53,+25.093, +7.783,+0.961
1658825460,+3.53,+25.059, +7.909,+0.961
1658826060,+3.53,+25.051, +7.881,+0.961
1658826660,+3.53,+25.042, +7.808,+0.961
1658827260,+3.53,+25.084, +7.600,+0.962
1658827860,+3.53,+25.068, +7.580,+0.961
1658828460,+3.53,+25.068, +7.504,+0.962
1658829060,+3.53,+25.068, +7.520,+0.961
1658829660,+3.53,+25.059, +7.838,+0.962
1658830260,+3.53,+25.051, +7.813,+0.961
1658830860,+3.53,+25.009, +7.631,+0.962
1658831460,+3.53,+25.034, +7.427,+0.961
1658832060,+3.53,+25.042, +7.338,+0.962
1658832660,+3.53,+25.059, +7.407,+0.962
1658833260,+3.53,+25.076, +7.558,+0.961
1658833860,+3.53,+25.084, +7.503,+0.962
1658834460,+3.53,+25.093, +7.550,+0.962
1658835060,+3.53,+25.093, +7.712,+0.961
1658835660,+3.53,+25.084, +7.633,+0.961
1658836260,+3.53,+25.110, +7.591,+0.962
1658836860,+3.53,+25.110, +7.681,+0.961
1658837460,+3.53,+25.135, +7.812,+0.961
1658838060,+3.53,+25.169, +7.815,+0.961
1658838660,+3.53,+25.194, +8.008,+0.962
1658839260,+3.53,+25.169, +7.838,+0.961
1658839860,+3.53,+25.202, +8.166,+0.961
1658840460,+3.53,+25.211, +8.198,+0.961
1658841060,+3.53,+25.177, +8.262,+0.961
1658841660,+3.53,+25.169, +8.471,+0.961
1658842260,+3.53,+25.177, +8.200,+0.961
1658842860,+3.53,+25.177, +8.099,+0.960
1658843460,+3.53,+25.194, +8.123,+0.962
1658844060,+3.53,+25.211, +8.109,+0.961
1658844660,+3.53,+25.219, +8.117,+0.962
1658845260,+3.53,+25.211, +8.154,+0.962
1658845860,+3.53,+25.236, +8.343,+0.962
1658846460,+3.53,+25.202, +8.599,+0.962
1658847060,+3.53,+25.211, +8.610,+0.962
1658847660,+3.53,+25.211, +8.274,+0.962
1658848260,+3.53,+25.219, +7.859,+0.962
1658848860,+3.53,+25.202, +7.973,+0.962
1658849460,+3.53,+25.228, +8.223,+0.962
1658850060,+3.53,+25.261, +8.303,+0.962
1658850660,+3.53,+25.270, +8.199,+0.962
1658851260,+3.53,+25.278, +8.635,+0.961
1658851860,+3.53,+25.261, +8.637,+0.961
1658852460,+3.53,+25.270, +8.638,+0.961
1658853060,+3.53,+25.228, +9.010,+0.962
1658853660,+3.53,+25.228, +8.937,+0.962
1658854260,+3.53,+25.202, +8.789,+0.961
1658854860,+3.53,+25.211, +8.605,+0.962
1658855460,+3.53,+25.236, +8.156,+0.962
1658856060,+3.53,+25.236, +8.392,+0.961
1658856660,+3.53,+25.245, +8.469,+0.962
1658857260,+3.53,+25.261, +8.509,+0.962
1658857860,+3.53,+25.261, +8.545,+0.961
1658858460,+3.53,+25.245, +8.558,+0.962
1658859060,+3.53,+25.245, +8.731,+0.962
1658859660,+3.53,+25.228, +8.837,+0.961
1658860260,+3.53,+25.228, +8.454,+0.962
