7450-531511
OS REV: 1.05 Sensor Cal: 1635266107
Time (sec),  BV (Volts),  T (deg C),  DO (mg/l),  Q ()
1659208860,+3.53,+25.362,+13.277,+0.963
1659209460,+3.53,+25.379,+13.729,+0.964
1659210060,+3.53,+25.346,+13.031,+0.963
1659210660,+3.53,+25.320,+12.660,+0.964
1659211260,+3.53,+25.346,+13.044,+0.963
1659211860,+3.53,+25.362,+13.184,+0.964
1659212460,+3.53,+25.329,+13.069,+0.963
1659213060,+3.53,+25.303,+13.098,+0.962
1659213660,+3.53,+25.312,+12.919,+0.962
1659214260,+3.53,+25.312,+12.911,+0.963
1659214860,+3.53,+25.312,+12.964,+0.964
1659215460,+3.53,+25.329,+12.988,+0.962
1659216060,+3.53,+25.346,+13.230,+0.963
1659216660,+3.53,+25.354,+13.384,+0.963
1659217260,+3.53,+25.354,+13.665,+0.964
1659217860,+3.53,+25.354,+13.640,+0.964
1659218460,+3.53,+25.337,+13.034,+0.963
1659219060,+3.53,+25.303,+12.926,+0.963
1659219660,+3.53,+25.337,+13.001,+0.963
1659220260,+3.53,+25.329,+13.071,+0.964
1659220860,+3.53,+25.320,+12.922,+0.963
1659221460,+3.53,+25.337,+12.885,+0.963
1659222060,+3.53,+25.362,+12.816,+0.963
1659222660,+3.53,+25.379,+13.320,+0.964
1659223260,+3.53,+25.379,+13.091,+0.963
1659223860,+3.53,+25.396,+13.015,+0.964
1659224460,+3.53,+25.371,+13.206,+0.963
1659225060,+3.53,+25.362,+12.551,+0.963
1659225660,+3.53,+25.346,+12.633,+0.963
1659226260,+3.53,+25.337,+12.499,+0.963
1659226860,+3.53,+25.346,+12.401,+0.963
1659227460,+3.53,+25.320,+12.562,+0.964
1659228060,+3.53,+25.312,+12.692,+0.963
1659228660,+3.53,+25.312,+12.618,+0.964
1659229260,+3.53,+25.320,+12.580,+0.964
1659229860,+3.53,+25.346,+12.447,+0.963
1659230460,+3.53,+25.346,+12.237,+0.963
1659231060,+3.53,+25.346,+12.416,+0.963
1659231660,+3.53,+25.329,+12.488,+0.965
1659232260,+3.53,+25.337,+12.036,+0.964
1659232860,+3.53,+25.287,+10.084,+0.963
1659233460,+3.53,+25.261, +8.579,+0.962
1659234060,+3.53,+25.261, +8.159,+0.962
1659234660,+3.53,+25.236, +7.931,+0.962
1659235260,+3.53,+25.245, +7.519,+0.961
1659235860,+3.53,+25.253, +7.453,+0.961
1659236460,+3.53,+25.186, +8.471,+0.962
1659237060,+3.53,+25.211, +8.196,+0.962
1659237660,+3.53,+25.219, +7.802,+0.962
1659238260,+3.53,+25.186, +7.408,+0.961
1659238860,+3.53,+25.152, +7.894,+0.962
1659239460,+3.53,+25.152, +7.549,+0.962
1659240060,+3.53,+25.135, +6.873,+0.962
1659240660,+3.53,+25.143, +6.101,+0.962
1659241260,+3.53,+25.152, +6.582,+0.961
1659241860,+3.53,+25.135, +7.720,+0.963
1659242460,+3.53,+25.110, +7.377,+0.962
1659243060,+3.53,+25.110, +7.538,+0.962
1659243660,+3.53,+25.093, +7.030,+0.962
1659244260,+3.53,+25.076, +6.741,+0.961
1659244860,+3.53,+25.084, +5.874,+0.961
1659245460,+3.53,+25.084, +5.466,+0.962
1659246060,+3.53,+25.084, +7.546,+0.962
1659246660,+3.53,+25.101, +7.619,+0.962
1659247260,+3.53,+25.101, +7.622,+0.962
1659247860,+3.53,+25.068, +7.667,+0.962
1659248460,+3.53,+25.076, +7.643,+0.962
1659249060,+3.53,+25.084, +6.821,+0.961
1659249660,+3.53,+25.093, +5.872,+0.961
1659250260,+3.53,+25.101, +5.629,+0.962
1659250860,+3.53,+25.093, +6.710,+0.961
1659251460,+3.53,+25.084, +7.092,+0.962
1659252060,+3.53,+25.068, +7.432,+0.962
1659252660,+3.53,+25.059, +7.126,+0.962
1659253260,+3.53,+25.042, +6.658,+0.962
1659253860,+3.53,+25.051, +6.352,+0.960
1659254460,+3.53,+25.017, +5.241,+0.960
1659255060,+3.53,+25.059, +4.986,+0.961
1659255660,+3.53,+25.017, +7.549,+0.963
1659256260,+3.53,+25.026, +7.404,+0.962
1659256860,+3.53,+25.026, +7.488,+0.962
1659257460,+3.53,+25.017, +7.076,+0.962
1659258060,+3.53,+24.992, +6.053,+0.961
1659258660,+3.53,+24.992, +5.601,+0.961
1659259260,+3.53,+25.000, +5.700,+0.962
1659259860,+3.53,+25.009, +7.158,+0.962
1659260460,+3.53,+24.992, +7.569,+0.963
1659261060,+3.53,+25.000, +7.338,+0.962
1659261660,+3.53,+24.983, +7.340,+0.961
1659262260,+3.53,+24.967, +6.428,+0.962
1659262860,+3.53,+24.983, +5.598,+0.961
1659263460,+3.53,+25.000, +5.114,+0.961
1659264060,+3.53,+25.026, +6.523,+0.962
1659264660,+3.53,+25.084, +9.979,+0.963
1659265260,+3.53,+25.084,+10.997,+0.963
1659265860,+3.53,+25.076,+11.268,+0.963
1659266460,+3.53,+25.068,+11.449,+0.964
1659267060,+3.53,+25.093,+11.359,+0.963
1659267660,+3.53,+25.093,+11.375,+0.962
1659268260,+3.53,+25.135,+11.859,+0.962
1659268860,+3.53,+25.160,+11.669,+0.962
1659269460,+3.53,+25.186,+11.762,+0.962
1659270060,+3.53,+25.202,+11.911,+0.962
1659270660,+3.53,+25.186,+12.031,+0.963
1659271260,+3.53,+25.202,+11.987,+0.963
1659271860,+3.53,+25.202,+11.953,+0.964
1659272460,+3.53,+25.219,+11.707,+0.962
1659273060,+3.53,+25.245,+12.058,+0.964
1659273660,+3.53,+25.287,+11.909,+0.962
1659274260,+3.53,+25.295,+12.239,+0.963
1659274860,+3.53,+25.303,+12.016,+0.963
1659275460,+3.53,+25.287,+11.684,+0.963
1659276060,+3.53,+25.278,+11.773,+0.963
1659276660,+3.53,+25.278,+11.629,+0.961
1659277260,+3.53,+25.236,+11.685,+0.963
1659277860,+3.53,+25.245,+11.834,+0.963
1659278460,+3.53,+25.245,+11.840,+0.963
1659279060,+3.53,+25.278,+11.653,+0.963
1659279660,+3.53,+25.253,+11.782,+0.963
1659280260,+3.53,+25.253,+11.591,+0.962
1659280860,+3.53,+25.270,+11.693,+0.962
1659281460,+3.53,+25.295,+11.696,+0.962
1659282060,+3.53,+25.278,+12.003,+0.963
1659282660,+3.53,+25.278,+12.046,+0.962
1659283260,+3.53,+25.261,+11.808,+0.963
1659283860,+3.53,+25.270,+12.027,+0.963
1659284460,+3.53,+25.303,+12.124,+0.962
1659285060,+3.53,+25.346,+12.170,+0.963
1659285660,+3.53,+25.346,+12.498,+0.963
1659286260,+3.53,+25.371,+12.303,+0.963
1659286860,+3.53,+25.354,+12.480,+0.963
1659287460,+3.53,+25.346,+12.163,+0.963
1659288060,+3.53,+25.337,+12.214,+0.963
1659288660,+3.53,+25.362,+12.095,+0.963
1659289260,+3.53,+25.329,+12.364,+0.963
1659289860,+3.53,+25.312,+12.243,+0.962
1659290460,+3.53,+25.320,+12.294,+0.963
1659291060,+3.53,+25.362,+12.468,+0.962
1659291660,+3.53,+25.371,+12.346,+0.962
1659292260,+3.53,+25.346,+12.553,+0.963
1659292860,+3.53,+25.337,+12.085,+0.963
1659293460,+3.53,+25.337,+11.995,+0.963
1659294060,+3.53,+25.337,+11.836,+0.963
1659294660,+3.53,+25.354,+11.967,+0.963
1659295260,+3.53,+25.362,+12.659,+0.963
