7450-531511
OS REV: 1.05 Sensor Cal: 1635266107
Time (sec),  BV (Volts),  T (deg C),  DO (mg/l),  Q ()
1660948860,+3.53,+25.017,+10.980,+0.968
1660949460,+3.53,+24.992,+10.862,+0.968
1660950060,+3.53,+24.967,+10.513,+0.968
1660950660,+3.53,+25.009,+10.521,+0.968
1660951260,+3.53,+25.009,+10.552,+0.967
1660951860,+3.53,+25.026,+10.654,+0.968
1660952460,+3.53,+25.026,+10.533,+0.968
1660953060,+3.53,+24.992,+10.421,+0.968
1660953660,+3.53,+25.009,+10.559,+0.968
1660954260,+3.53,+24.992,+10.493,+0.968
1660954860,+3.53,+25.009,+10.483,+0.969
1660955460,+3.53,+25.026,+10.807,+0.969
1660956060,+3.53,+25.042,+10.714,+0.968
1660956660,+3.53,+25.034,+10.634,+0.968
1660957260,+3.53,+25.017,+10.623,+0.968
1660957860,+3.53,+25.000,+10.614,+0.968
1660958460,+3.53,+24.983,+10.530,+0.967
1660959060,+3.53,+25.009,+10.628,+0.969
1660959660,+3.53,+25.017,+10.480,+0.969
1660960260,+3.53,+25.026,+10.367,+0.969
1660960860,+3.53,+24.950, +9.719,+0.969
1660961460,+3.53,+24.975, +8.553,+0.968
1660962060,+3.53,+24.967, +7.989,+0.966
1660962660,+3.53,+24.941, +7.677,+0.966
1660963260,+3.53,+24.933, +7.508,+0.965
1660963860,+3.53,+24.891, +7.532,+0.965
1660964460,+3.53,+24.899, +7.806,+0.966
1660965060,+3.53,+24.899, +7.681,+0.966
1660965660,+3.53,+24.925, +7.453,+0.965
1660966260,+3.53,+24.866, +7.567,+0.965
1660966860,+3.53,+24.807, +7.695,+0.966
1660967460,+3.53,+24.824, +8.002,+0.967
1660968060,+3.53,+24.824, +7.932,+0.966
1660968660,+3.53,+24.824, +7.847,+0.967
1660969260,+3.53,+24.807, +7.971,+0.967
1660969860,+3.53,+24.765, +7.724,+0.966
1660970460,+3.53,+24.781, +7.478,+0.966
1660971060,+3.53,+24.756, +7.484,+0.966
1660971660,+3.53,+24.748, +7.674,+0.967
1660972260,+3.53,+24.756, +7.792,+0.966
1660972860,+3.53,+24.773, +7.700,+0.966
1660973460,+3.53,+24.765, +7.463,+0.966
1660974060,+3.53,+24.765, +7.446,+0.966
1660974660,+3.53,+24.739, +7.336,+0.965
1660975260,+3.53,+24.723, +7.394,+0.966
1660975860,+3.53,+24.731, +7.509,+0.966
1660976460,+3.53,+24.731, +7.503,+0.966
1660977060,+3.53,+24.739, +7.588,+0.967
1660977660,+3.53,+24.781, +7.076,+0.966
1660978260,+3.53,+24.773, +6.805,+0.966
1660978860,+3.53,+24.748, +6.484,+0.965
1660979460,+3.53,+24.714, +6.643,+0.965
1660980060,+3.53,+24.689, +6.782,+0.965
1660980660,+3.53,+24.689, +7.012,+0.967
1660981260,+3.53,+24.706, +6.915,+0.966
1660981860,+3.53,+24.689, +6.992,+0.966
1660982460,+3.53,+24.689, +7.191,+0.967
1660983060,+3.53,+24.655, +7.124,+0.966
1660983660,+3.53,+24.672, +7.250,+0.967
1660984260,+3.53,+24.672, +7.200,+0.966
1660984860,+3.53,+24.706, +7.000,+0.966
1660985460,+3.53,+24.714, +7.045,+0.966
1660986060,+3.53,+24.706, +7.121,+0.966
1660986660,+3.53,+24.697, +6.670,+0.966
1660987260,+3.53,+24.697, +6.478,+0.965
1660987860,+3.53,+24.664, +6.706,+0.966
1660988460,+3.53,+24.681, +7.093,+0.966
1660989060,+3.53,+24.672, +7.183,+0.966
1660989660,+3.53,+24.697, +7.155,+0.967
1660990260,+3.53,+24.697, +7.045,+0.966
1660990860,+3.53,+24.689, +6.860,+0.966
1660991460,+3.53,+24.647, +6.923,+0.966
1660992060,+3.53,+24.664, +7.082,+0.967
1660992660,+3.53,+24.714, +7.006,+0.967
1660993260,+3.53,+24.714, +6.999,+0.967
1660993860,+3.53,+24.773, +6.943,+0.966
1660994460,+3.53,+24.731, +7.011,+0.967
1660995060,+3.53,+24.790, +8.042,+0.969
1660995660,+3.53,+24.807, +9.095,+0.969
1660996260,+3.53,+24.790, +9.464,+0.968
1660996860,+3.53,+24.815, +9.888,+0.968
1660997460,+3.53,+24.857,+10.173,+0.969
1660998060,+3.53,+24.874,+10.402,+0.968
1660998660,+3.53,+24.874,+10.031,+0.967
1660999260,+3.53,+24.882, +9.690,+0.968
1660999860,+3.53,+24.840, +9.631,+0.968
1661000460,+3.53,+24.849, +9.726,+0.968
1661001060,+3.53,+24.874,+10.192,+0.968
1661001660,+3.53,+24.908,+10.421,+0.969
1661002260,+3.53,+24.933,+10.063,+0.967
1661002860,+3.53,+24.925, +9.857,+0.967
1661003460,+3.53,+24.941,+10.104,+0.968
1661004060,+3.53,+24.908,+10.293,+0.968
1661004660,+3.53,+24.899,+10.032,+0.968
1661005260,+3.53,+24.958,+10.337,+0.968
1661005860,+3.53,+24.967,+10.536,+0.969
1661006460,+3.53,+24.983,+10.497,+0.969
1661007060,+3.53,+24.992,+10.459,+0.967
1661007660,+3.53,+24.983,+10.269,+0.968
1661008260,+3.53,+24.975,+10.304,+0.968
1661008860,+3.53,+24.967,+10.212,+0.968
1661009460,+3.53,+25.000,+10.447,+0.967
1661010060,+3.53,+25.000,+10.747,+0.968
1661010660,+3.53,+25.026,+10.832,+0.969
1661011260,+3.53,+25.017,+10.652,+0.967
1661011860,+3.53,+24.958,+10.181,+0.968
1661012460,+3.53,+24.967,+10.298,+0.968
1661013060,+3.53,+24.975,+10.132,+0.968
1661013660,+3.53,+25.009,+10.434,+0.968
1661014260,+3.53,+24.950,+10.790,+0.968
1661014860,+3.53,+24.958,+10.909,+0.969
1661015460,+3.53,+25.009,+10.942,+0.968
1661016060,+3.53,+25.000,+11.325,+0.969
1661016660,+3.53,+25.026,+11.679,+0.969
1661017260,+3.53,+24.933,+11.204,+0.968
1661017860,+3.53,+24.933,+11.263,+0.969
1661018460,+3.53,+24.958,+11.123,+0.969
1661019060,+3.53,+24.958,+11.367,+0.969
1661019660,+3.53,+24.975,+11.570,+0.968
1661020260,+3.53,+24.967,+11.050,+0.969
1661020860,+3.53,+24.983,+11.112,+0.967
1661021460,+3.53,+24.941,+10.943,+0.969
1661022060,+3.53,+24.925,+10.843,+0.968
1661022660,+3.53,+24.958,+11.243,+0.969
1661023260,+3.53,+24.983,+11.612,+0.968
1661023860,+3.53,+25.026,+11.769,+0.969
1661024460,+3.53,+24.992,+11.335,+0.970
1661025060,+3.53,+24.975,+11.046,+0.970
1661025660,+3.53,+24.950,+10.821,+0.969
1661026260,+3.53,+24.975,+10.863,+0.968
1661026860,+3.53,+25.000,+11.302,+0.969
1661027460,+3.53,+25.000,+11.747,+0.969
1661028060,+3.53,+25.026,+11.613,+0.969
1661028660,+3.53,+24.992,+11.195,+0.969
1661029260,+3.53,+25.017,+11.615,+0.970
1661029860,+3.53,+25.017,+11.970,+0.969
1661030460,+3.53,+25.026,+11.971,+0.968
1661031060,+3.53,+24.958,+11.881,+0.969
1661031660,+3.53,+24.950,+11.763,+0.969
1661032260,+3.53,+24.967,+11.539,+0.970
1661032860,+3.53,+24.983,+11.686,+0.969
1661033460,+3.53,+24.975,+12.048,+0.970
1661034060,+3.53,+24.967,+12.069,+0.969
1661034660,+3.53,+24.967,+12.176,+0.969
1661035260,+3.53,+24.975,+11.646,+0.968
