7450-776862
OS REV: 1.05 Sensor Cal: 1635265168
Time (sec),  BV (Volts),  T (deg C),  DO (mg/l),  Q ()
1659992040,+3.53,+20.481,+11.928,+0.963
1659992640,+3.53,+20.489,+11.916,+0.962
1659993240,+3.53,+20.481,+11.918,+0.963
1659993840,+3.53,+20.464,+11.908,+0.962
1659994440,+3.53,+20.473,+11.945,+0.963
1659995040,+3.53,+20.514,+11.892,+0.963
1659995640,+3.53,+20.514,+11.957,+0.964
1659996240,+3.53,+20.498,+11.991,+0.962
1659996840,+3.53,+20.514,+11.977,+0.963
1659997440,+3.53,+20.523,+11.984,+0.963
1659998040,+3.53,+20.531,+11.983,+0.964
1659998640,+3.53,+20.531,+12.009,+0.963
1659999240,+3.53,+20.539,+12.058,+0.963
1659999840,+3.53,+20.581,+12.055,+0.962
1660000440,+3.53,+20.581,+12.019,+0.963
1660001040,+3.53,+20.590,+12.039,+0.963
1660001640,+3.53,+20.606,+12.015,+0.964
1660002240,+3.53,+20.598,+12.008,+0.962
1660002840,+3.53,+20.581,+11.993,+0.963
1660003440,+3.53,+20.598,+12.086,+0.963
1660004040,+3.53,+20.598,+12.133,+0.963
1660004640,+3.53,+20.581,+12.131,+0.962
1660005240,+3.53,+20.523,+12.123,+0.963
1660005840,+3.53,+20.506,+12.166,+0.963
1660006440,+3.53,+20.439,+12.156,+0.963
1660007040,+3.53,+20.422,+12.169,+0.963
1660007640,+3.53,+20.364,+12.266,+0.963
1660008240,+3.53,+20.322,+12.295,+0.964
1660008840,+3.53,+20.263,+12.136,+0.963
1660009440,+3.53,+20.255,+12.187,+0.963
1660010040,+3.53,+20.263,+12.104,+0.963
1660010640,+3.53,+20.196,+11.630,+0.963
1660011240,+3.53,+20.171,+11.344,+0.962
1660011840,+3.53,+20.138,+11.216,+0.963
1660012440,+3.53,+20.121,+11.208,+0.962
1660013040,+3.53,+20.121,+11.128,+0.962
1660013640,+3.53,+20.096,+10.986,+0.962
1660014240,+3.53,+20.062,+10.897,+0.962
1660014840,+3.53,+20.087,+10.819,+0.962
1660015440,+3.53,+20.071,+10.864,+0.962
1660016040,+3.53,+20.062,+10.739,+0.962
1660016640,+3.53,+20.037,+10.783,+0.962
1660017240,+3.53,+20.020,+10.694,+0.962
1660017840,+3.53,+20.012,+10.585,+0.962
1660018440,+3.53,+20.020,+10.443,+0.962
1660019040,+3.53,+19.987,+10.412,+0.962
1660019640,+3.53,+19.987,+10.453,+0.962
1660020240,+3.53,+19.962,+10.336,+0.961
1660020840,+3.53,+19.953,+10.362,+0.962
1660021440,+3.53,+19.936,+10.264,+0.962
1660022040,+3.53,+19.895,+10.173,+0.962
1660022640,+3.53,+19.903,+10.189,+0.962
1660023240,+3.53,+19.895,+10.135,+0.962
1660023840,+3.53,+19.869,+10.069,+0.961
1660024440,+3.53,+19.861,+10.058,+0.962
1660025040,+3.53,+19.844,+10.072,+0.962
1660025640,+3.53,+19.836,+10.131,+0.962
1660026240,+3.53,+19.828,+10.013,+0.962
1660026840,+3.53,+19.819, +9.955,+0.962
1660027440,+3.53,+19.819, +9.960,+0.962
1660028040,+3.53,+19.811, +9.898,+0.962
1660028640,+3.53,+19.786, +9.928,+0.961
1660029240,+3.53,+19.777, +9.925,+0.962
1660029840,+3.53,+19.777, +9.982,+0.962
1660030440,+3.53,+19.760, +9.850,+0.962
1660031040,+3.53,+19.760, +9.981,+0.962
1660031640,+3.53,+19.760, +9.922,+0.962
1660032240,+3.53,+19.760, +9.842,+0.962
1660032840,+3.53,+19.760, +9.836,+0.962
1660033440,+3.53,+19.752, +9.812,+0.962
1660034040,+3.53,+19.735, +9.753,+0.961
1660034640,+3.53,+19.727, +9.700,+0.962
1660035240,+3.53,+19.735, +9.787,+0.962
1660035840,+3.53,+19.719, +9.710,+0.962
1660036440,+3.53,+19.727, +9.766,+0.961
1660037040,+3.53,+19.702, +9.703,+0.962
1660037640,+3.53,+19.702, +9.707,+0.962
1660038240,+3.53,+19.685, +9.602,+0.962
1660038840,+3.53,+19.677, +9.561,+0.962
1660039440,+3.53,+19.677, +9.569,+0.962
1660040040,+3.53,+19.660, +9.534,+0.962
1660040640,+3.53,+19.643, +9.419,+0.962
1660041240,+3.53,+19.643, +9.384,+0.962
1660041840,+3.53,+19.660, +9.323,+0.962
1660042440,+3.53,+19.668, +9.420,+0.961
1660043040,+3.53,+19.660, +9.423,+0.962
1660043640,+3.53,+19.660, +9.344,+0.962
1660044240,+3.53,+19.660, +9.300,+0.962
1660044840,+3.53,+19.702, +9.759,+0.961
1660045440,+3.53,+19.727,+10.281,+0.961
1660046040,+3.53,+19.735,+10.379,+0.962
1660046640,+3.53,+19.769,+10.285,+0.961
1660047240,+3.53,+19.819,+10.514,+0.961
1660047840,+3.53,+19.819,+10.481,+0.961
1660048440,+3.53,+19.853,+10.500,+0.961
1660049040,+3.53,+19.869,+10.703,+0.963
1660049640,+3.53,+19.903,+10.678,+0.962
1660050240,+3.53,+19.936,+10.921,+0.961
1660050840,+3.53,+19.953,+10.979,+0.962
1660051440,+3.53,+19.978,+10.995,+0.962
1660052040,+3.53,+20.029,+10.927,+0.962
1660052640,+3.53,+20.045,+10.965,+0.962
1660053240,+3.53,+20.054,+10.994,+0.963
1660053840,+3.53,+20.096,+11.029,+0.962
1660054440,+3.53,+20.121,+11.069,+0.962
1660055040,+3.53,+20.146,+11.124,+0.963
1660055640,+3.53,+20.188,+11.043,+0.962
1660056240,+3.53,+20.188,+11.056,+0.962
1660056840,+3.53,+20.188,+11.107,+0.962
1660057440,+3.53,+20.221,+11.039,+0.963
1660058040,+3.53,+20.205,+11.251,+0.963
1660058640,+3.53,+20.213,+11.119,+0.962
1660059240,+3.53,+20.246,+11.158,+0.962
1660059840,+3.53,+20.263,+11.198,+0.963
1660060440,+3.53,+20.288,+11.306,+0.962
1660061040,+3.53,+20.305,+11.264,+0.962
1660061640,+3.53,+20.322,+11.390,+0.963
1660062240,+3.53,+20.330,+11.287,+0.962
1660062840,+3.53,+20.355,+11.334,+0.962
1660063440,+3.53,+20.347,+11.252,+0.962
1660064040,+3.53,+20.372,+11.374,+0.962
1660064640,+3.53,+20.380,+11.265,+0.962
1660065240,+3.53,+20.380,+11.408,+0.963
1660065840,+3.53,+20.380,+11.444,+0.963
1660066440,+3.53,+20.406,+11.448,+0.963
1660067040,+3.53,+20.406,+11.421,+0.962
1660067640,+3.53,+20.422,+11.422,+0.962
1660068240,+3.53,+20.431,+11.335,+0.962
1660068840,+3.53,+20.456,+11.490,+0.962
1660069440,+3.53,+20.473,+11.519,+0.962
1660070040,+3.53,+20.464,+11.526,+0.963
1660070640,+3.53,+20.481,+11.561,+0.962
1660071240,+3.53,+20.481,+11.574,+0.963
1660071840,+3.53,+20.498,+11.565,+0.962
1660072440,+3.53,+20.498,+11.488,+0.963
1660073040,+3.53,+20.523,+11.551,+0.963
1660073640,+3.53,+20.523,+11.541,+0.962
1660074240,+3.53,+20.531,+11.594,+0.963
1660074840,+3.53,+20.556,+11.568,+0.963
1660075440,+3.53,+20.565,+11.640,+0.962
1660076040,+3.53,+20.598,+11.646,+0.963
1660076640,+3.53,+20.573,+11.629,+0.963
1660077240,+3.53,+20.581,+11.616,+0.963
1660077840,+3.53,+20.606,+11.646,+0.963
1660078440,+3.53,+20.615,+11.669,+0.962
