7450-776862
OS REV: 1.05 Sensor Cal: 1635265168
Time (sec),  BV (Volts),  T (deg C),  DO (mg/l),  Q ()
1660340040,+3.53,+20.473,+11.093,+0.963
1660340640,+3.53,+20.481,+11.109,+0.963
1660341240,+3.53,+20.489,+11.079,+0.963
1660341840,+3.53,+20.523,+11.088,+0.963
1660342440,+3.53,+20.539,+11.289,+0.963
1660343040,+3.53,+20.556,+11.279,+0.963
1660343640,+3.53,+20.573,+11.138,+0.963
1660344240,+3.53,+20.598,+11.168,+0.962
1660344840,+3.53,+20.598,+11.414,+0.962
1660345440,+3.53,+20.606,+11.259,+0.963
1660346040,+3.53,+20.615,+11.290,+0.962
1660346640,+3.53,+20.606,+11.982,+0.964
1660347240,+3.53,+20.581,+11.950,+0.964
1660347840,+3.53,+20.556,+12.173,+0.963
1660348440,+3.53,+20.531,+12.051,+0.963
1660349040,+3.53,+20.481,+12.182,+0.964
1660349640,+3.53,+20.473,+12.293,+0.963
1660350240,+3.53,+20.406,+12.160,+0.964
1660350840,+3.53,+20.389,+12.231,+0.964
1660351440,+3.53,+20.355,+12.205,+0.964
1660352040,+3.53,+20.347,+12.316,+0.964
1660352640,+3.53,+20.305,+11.783,+0.963
1660353240,+3.53,+20.322,+11.680,+0.962
1660353840,+3.53,+20.330,+11.496,+0.963
1660354440,+3.53,+20.339,+11.522,+0.963
1660355040,+3.53,+20.347,+11.561,+0.963
1660355640,+3.53,+20.339,+11.561,+0.963
1660356240,+3.53,+20.288,+10.824,+0.963
1660356840,+3.53,+20.280,+10.198,+0.962
1660357440,+3.53,+20.263, +9.748,+0.962
1660358040,+3.53,+20.246, +9.689,+0.962
1660358640,+3.53,+20.255, +9.646,+0.962
1660359240,+3.53,+20.263, +9.412,+0.963
1660359840,+3.53,+20.230, +9.513,+0.962
1660360440,+3.53,+20.221, +9.321,+0.962
1660361040,+3.53,+20.213, +9.136,+0.963
1660361640,+3.53,+20.230, +8.933,+0.962
1660362240,+3.53,+20.213, +8.792,+0.962
1660362840,+3.53,+20.213, +9.089,+0.962
1660363440,+3.53,+20.196, +8.895,+0.963
1660364040,+3.53,+20.179, +8.835,+0.962
1660364640,+3.53,+20.179, +8.859,+0.962
1660365240,+3.53,+20.171, +8.690,+0.963
1660365840,+3.53,+20.196, +8.843,+0.962
1660366440,+3.53,+20.171, +8.689,+0.962
1660367040,+3.53,+20.171, +9.059,+0.962
1660367640,+3.53,+20.163, +9.081,+0.962
1660368240,+3.53,+20.163, +8.891,+0.962
1660368840,+3.53,+20.154, +8.780,+0.962
1660369440,+3.53,+20.138, +8.824,+0.962
1660370040,+3.53,+20.146, +8.493,+0.962
1660370640,+3.53,+20.146, +8.711,+0.962
1660371240,+3.53,+20.146, +8.834,+0.962
1660371840,+3.53,+20.138, +8.690,+0.962
1660372440,+3.53,+20.129, +8.566,+0.962
1660373040,+3.53,+20.121, +8.754,+0.962
1660373640,+3.53,+20.121, +8.501,+0.962
1660374240,+3.53,+20.112, +8.412,+0.962
1660374840,+3.53,+20.121, +8.488,+0.962
1660375440,+3.53,+20.112, +8.297,+0.962
1660376040,+3.53,+20.096, +8.579,+0.962
1660376640,+3.53,+20.079, +8.675,+0.962
1660377240,+3.53,+20.112, +8.364,+0.962
1660377840,+3.53,+20.104, +8.611,+0.962
1660378440,+3.53,+20.087, +8.564,+0.962
1660379040,+3.53,+20.096, +8.338,+0.962
1660379640,+3.53,+20.087, +8.284,+0.962
1660380240,+3.53,+20.096, +8.278,+0.962
1660380840,+3.53,+20.079, +8.242,+0.962
1660381440,+3.53,+20.087, +8.323,+0.962
1660382040,+3.53,+20.087, +8.460,+0.962
1660382640,+3.53,+20.079, +8.136,+0.963
1660383240,+3.53,+20.079, +8.125,+0.962
1660383840,+3.53,+20.062, +8.116,+0.962
1660384440,+3.53,+20.071, +8.508,+0.962
1660385040,+3.53,+20.087, +8.151,+0.962
1660385640,+3.53,+20.062, +8.110,+0.962
1660386240,+3.53,+20.071, +7.990,+0.962
1660386840,+3.53,+20.062, +8.030,+0.962
1660387440,+3.53,+20.071, +8.210,+0.962
1660388040,+3.53,+20.079, +8.105,+0.962
1660388640,+3.53,+20.079, +8.111,+0.962
1660389240,+3.53,+20.087, +8.104,+0.962
1660389840,+3.53,+20.104, +7.939,+0.962
1660390440,+3.53,+20.171, +9.617,+0.962
1660391040,+3.53,+20.163,+10.569,+0.963
1660391640,+3.53,+20.205,+10.874,+0.963
1660392240,+3.53,+20.230,+10.919,+0.963
1660392840,+3.53,+20.255,+11.230,+0.963
1660393440,+3.53,+20.272,+11.926,+0.963
1660394040,+3.53,+20.313,+11.308,+0.963
1660394640,+3.53,+20.347,+11.766,+0.963
1660395240,+3.53,+20.364,+11.526,+0.963
1660395840,+3.53,+20.406,+11.480,+0.963
1660396440,+3.53,+20.431,+11.544,+0.963
1660397040,+3.53,+20.464,+11.298,+0.962
1660397640,+3.53,+20.489,+11.776,+0.963
1660398240,+3.53,+20.514,+12.037,+0.963
1660398840,+3.53,+20.531,+11.924,+0.963
1660399440,+3.53,+20.565,+11.898,+0.963
1660400040,+3.53,+20.565,+12.216,+0.964
1660400640,+3.53,+20.598,+12.162,+0.963
1660401240,+3.53,+20.615,+11.701,+0.963
1660401840,+3.53,+20.623,+11.473,+0.963
1660402440,+3.53,+20.632,+12.168,+0.964
1660403040,+3.53,+20.615,+12.256,+0.963
1660403640,+3.53,+20.573,+12.045,+0.964
1660404240,+3.53,+20.565,+12.789,+0.963
1660404840,+3.53,+20.514,+12.880,+0.964
1660405440,+3.53,+20.456,+12.891,+0.964
1660406040,+3.53,+20.414,+12.820,+0.964
1660406640,+3.53,+20.380,+12.726,+0.964
1660407240,+3.53,+20.355,+12.850,+0.963
1660407840,+3.53,+20.347,+12.593,+0.964
1660408440,+3.53,+20.322,+12.564,+0.964
1660409040,+3.53,+20.339,+12.384,+0.963
1660409640,+3.53,+20.339,+12.623,+0.963
1660410240,+3.53,+20.330,+12.789,+0.964
1660410840,+3.53,+20.355,+12.711,+0.963
1660411440,+3.53,+20.372,+12.302,+0.964
1660412040,+3.53,+20.389,+12.416,+0.964
1660412640,+3.53,+20.406,+12.501,+0.963
1660413240,+3.53,+20.414,+12.274,+0.963
1660413840,+3.53,+20.414,+12.512,+0.963
1660414440,+3.53,+20.439,+12.755,+0.963
1660415040,+3.53,+20.422,+12.818,+0.964
1660415640,+3.53,+20.422,+12.931,+0.963
1660416240,+3.53,+20.447,+12.963,+0.964
1660416840,+3.53,+20.447,+13.045,+0.964
1660417440,+3.53,+20.464,+13.323,+0.964
1660418040,+3.53,+20.456,+13.085,+0.963
1660418640,+3.53,+20.464,+13.097,+0.964
1660419240,+3.53,+20.447,+13.190,+0.964
1660419840,+3.53,+20.447,+13.228,+0.963
1660420440,+3.53,+20.489,+13.334,+0.964
1660421040,+3.53,+20.506,+13.424,+0.963
1660421640,+3.53,+20.523,+13.480,+0.964
1660422240,+3.53,+20.531,+13.518,+0.964
1660422840,+3.53,+20.565,+13.079,+0.964
1660423440,+3.53,+20.581,+13.468,+0.965
1660424040,+3.53,+20.615,+13.102,+0.963
1660424640,+3.53,+20.640,+13.001,+0.965
1660425240,+3.53,+20.623,+12.873,+0.963
1660425840,+3.53,+20.623,+12.989,+0.964
1660426440,+3.53,+20.623,+13.426,+0.964
