7450-776862
OS REV: 1.05 Sensor Cal: 1635265168
Time (sec),  BV (Volts),  T (deg C),  DO (mg/l),  Q ()
1657556040,+3.53,+20.623,+10.329,+0.959
1657556640,+3.53,+20.640,+10.318,+0.958
1657557240,+3.53,+20.657,+10.334,+0.958
1657557840,+3.53,+20.690,+10.446,+0.958
1657558440,+3.53,+20.715,+10.510,+0.959
1657559040,+3.53,+20.715,+10.485,+0.959
1657559640,+3.53,+20.749,+10.535,+0.959
1657560240,+3.53,+20.774,+10.460,+0.959
1657560840,+3.53,+20.782,+10.479,+0.959
1657561440,+3.53,+20.791,+10.528,+0.959
1657562040,+3.53,+20.791,+10.839,+0.959
1657562640,+3.53,+20.782,+10.875,+0.958
1657563240,+3.53,+20.757,+10.927,+0.959
1657563840,+3.53,+20.707,+11.001,+0.959
1657564440,+3.53,+20.665,+11.056,+0.960
1657565040,+3.53,+20.606,+11.071,+0.959
1657565640,+3.53,+20.573,+11.080,+0.959
1657566240,+3.53,+20.548,+11.100,+0.959
1657566840,+3.53,+20.498,+11.004,+0.959
1657567440,+3.53,+20.481,+10.907,+0.959
1657568040,+3.53,+20.489,+10.757,+0.958
1657568640,+3.53,+20.498,+10.754,+0.959
1657569240,+3.53,+20.514,+10.711,+0.959
1657569840,+3.53,+20.514,+10.770,+0.958
1657570440,+3.53,+20.523,+10.767,+0.959
1657571040,+3.53,+20.548,+10.800,+0.959
1657571640,+3.53,+20.556,+10.798,+0.959
1657572240,+3.53,+20.606,+10.852,+0.959
1657572840,+3.53,+20.598,+10.985,+0.959
1657573440,+3.53,+20.640,+10.910,+0.959
1657574040,+3.53,+20.657,+10.910,+0.958
1657574640,+3.53,+20.682,+10.897,+0.958
1657575240,+3.53,+20.715,+11.007,+0.959
1657575840,+3.53,+20.740,+10.916,+0.959
1657576440,+3.53,+20.774,+10.935,+0.959
1657577040,+3.53,+20.774,+10.918,+0.959
1657577640,+3.53,+20.791,+10.918,+0.958
1657578240,+3.53,+20.791,+11.265,+0.959
1657578840,+3.53,+20.774,+11.269,+0.959
1657579440,+3.53,+20.749,+11.318,+0.959
1657580040,+3.53,+20.707,+11.387,+0.959
1657580640,+3.53,+20.665,+11.425,+0.959
1657581240,+3.53,+20.623,+11.429,+0.958
1657581840,+3.53,+20.581,+11.431,+0.958
1657582440,+3.53,+20.523,+11.412,+0.959
1657583040,+3.53,+20.506,+11.479,+0.959
1657583640,+3.53,+20.481,+11.271,+0.959
1657584240,+3.53,+20.506,+11.211,+0.959
1657584840,+3.53,+20.498,+11.098,+0.959
1657585440,+3.53,+20.514,+11.000,+0.959
1657586040,+3.53,+20.531,+10.994,+0.959
1657586640,+3.53,+20.548,+10.987,+0.959
1657587240,+3.53,+20.548,+11.039,+0.959
1657587840,+3.53,+20.590,+11.023,+0.959
1657588440,+3.53,+20.606,+11.037,+0.959
1657589040,+3.53,+20.632,+11.044,+0.958
1657589640,+3.53,+20.657,+11.114,+0.959
1657590240,+3.53,+20.682,+11.139,+0.959
1657590840,+3.53,+20.715,+11.164,+0.958
1657591440,+3.53,+20.682,+10.596,+0.959
1657592040,+3.53,+20.682,+10.197,+0.958
1657592640,+3.53,+20.699,+10.088,+0.959
1657593240,+3.53,+20.707, +9.952,+0.959
1657593840,+3.53,+20.682, +9.660,+0.958
1657594440,+3.53,+20.682, +9.277,+0.959
1657595040,+3.53,+20.665, +9.075,+0.958
1657595640,+3.53,+20.640, +9.045,+0.958
1657596240,+3.53,+20.598, +9.078,+0.959
1657596840,+3.53,+20.539, +9.062,+0.958
1657597440,+3.53,+20.514, +9.045,+0.959
1657598040,+3.53,+20.464, +9.026,+0.959
1657598640,+3.53,+20.397, +8.984,+0.958
1657599240,+3.53,+20.372, +8.981,+0.959
1657599840,+3.53,+20.347, +8.965,+0.958
1657600440,+3.53,+20.305, +8.989,+0.959
1657601040,+3.53,+20.313, +8.925,+0.959
1657601640,+3.53,+20.272, +8.845,+0.958
1657602240,+3.53,+20.263, +8.840,+0.959
1657602840,+3.53,+20.238, +8.687,+0.958
1657603440,+3.53,+20.246, +8.592,+0.959
1657604040,+3.53,+20.205, +9.034,+0.958
1657604640,+3.53,+20.221, +9.415,+0.959
1657605240,+3.53,+20.213, +9.559,+0.958
1657605840,+3.53,+20.221, +9.515,+0.958
1657606440,+3.53,+20.238, +9.398,+0.959
1657607040,+3.53,+20.238, +9.445,+0.958
1657607640,+3.53,+20.238, +9.400,+0.959
1657608240,+3.53,+20.238, +9.227,+0.959
1657608840,+3.53,+20.238, +9.120,+0.959
1657609440,+3.53,+20.246, +9.239,+0.959
1657610040,+3.53,+20.263, +9.289,+0.958
1657610640,+3.53,+20.272, +9.199,+0.958
1657611240,+3.53,+20.297, +9.221,+0.959
1657611840,+3.53,+20.313, +9.137,+0.958
1657612440,+3.53,+20.305, +9.161,+0.958
1657613040,+3.53,+20.339, +9.239,+0.958
1657613640,+3.53,+20.347, +9.213,+0.958
1657614240,+3.53,+20.355, +9.138,+0.958
1657614840,+3.53,+20.355, +9.189,+0.959
1657615440,+3.53,+20.372, +9.186,+0.958
1657616040,+3.53,+20.389, +9.026,+0.958
1657616640,+3.53,+20.380, +8.886,+0.958
1657617240,+3.53,+20.372, +8.924,+0.958
1657617840,+3.53,+20.380, +8.971,+0.959
1657618440,+3.53,+20.380, +8.986,+0.959
1657619040,+3.53,+20.389, +8.879,+0.959
1657619640,+3.53,+20.380, +8.879,+0.958
1657620240,+3.53,+20.372, +8.843,+0.959
1657620840,+3.53,+20.397, +8.760,+0.958
1657621440,+3.53,+20.389, +8.898,+0.959
1657622040,+3.53,+20.498, +9.745,+0.959
1657622640,+3.53,+20.523,+10.266,+0.958
1657623240,+3.53,+20.539,+10.383,+0.959
1657623840,+3.53,+20.573,+10.538,+0.958
1657624440,+3.53,+20.590,+10.629,+0.958
1657625040,+3.53,+20.606,+10.616,+0.959
1657625640,+3.53,+20.615,+10.681,+0.959
1657626240,+3.53,+20.623,+10.765,+0.959
1657626840,+3.53,+20.598,+10.735,+0.959
1657627440,+3.53,+20.615,+10.997,+0.959
1657628040,+3.53,+20.606,+11.109,+0.959
1657628640,+3.53,+20.590,+11.197,+0.959
1657629240,+3.53,+20.556,+11.272,+0.959
1657629840,+3.53,+20.506,+11.303,+0.958
1657630440,+3.53,+20.473,+11.409,+0.960
1657631040,+3.53,+20.422,+11.380,+0.959
1657631640,+3.53,+20.406,+11.236,+0.959
1657632240,+3.53,+20.422,+11.054,+0.959
1657632840,+3.53,+20.431,+10.943,+0.959
1657633440,+3.53,+20.439,+10.885,+0.959
1657634040,+3.53,+20.473,+10.795,+0.958
1657634640,+3.53,+20.506,+10.894,+0.959
1657635240,+3.53,+20.531,+10.934,+0.959
1657635840,+3.53,+20.573,+11.113,+0.959
1657636440,+3.53,+20.581,+11.286,+0.959
1657637040,+3.53,+20.632,+11.044,+0.959
1657637640,+3.53,+20.665,+11.022,+0.959
1657638240,+3.53,+20.690,+11.093,+0.959
1657638840,+3.53,+20.724,+11.041,+0.959
1657639440,+3.53,+20.740,+11.081,+0.959
1657640040,+3.53,+20.732,+11.155,+0.959
1657640640,+3.53,+20.749,+11.324,+0.959
1657641240,+3.53,+20.749,+11.623,+0.960
1657641840,+3.53,+20.715,+11.609,+0.959
1657642440,+3.53,+20.673,+11.741,+0.959
