7450-776862
OS REV: 1.05 Sensor Cal: 1635265168
Time (sec),  BV (Volts),  T (deg C),  DO (mg/l),  Q ()
1660862040,+3.53,+20.330,+12.621,+0.964
1660862640,+3.53,+20.330,+12.430,+0.964
1660863240,+3.53,+20.339,+12.411,+0.964
1660863840,+3.53,+20.339,+12.582,+0.965
1660864440,+3.53,+20.339,+12.424,+0.964
1660865040,+3.53,+20.330,+12.586,+0.965
1660865640,+3.53,+20.322,+12.551,+0.965
1660866240,+3.53,+20.347,+12.668,+0.964
1660866840,+3.53,+20.347,+12.397,+0.964
1660867440,+3.53,+20.372,+12.416,+0.965
1660868040,+3.53,+20.355,+12.661,+0.964
1660868640,+3.53,+20.364,+12.639,+0.964
1660869240,+3.53,+20.372,+12.894,+0.965
1660869840,+3.53,+20.372,+12.893,+0.965
1660870440,+3.53,+20.389,+12.901,+0.965
1660871040,+3.53,+20.422,+12.730,+0.964
1660871640,+3.53,+20.439,+12.595,+0.964
1660872240,+3.53,+20.431,+12.375,+0.965
1660872840,+3.53,+20.481,+12.498,+0.965
1660873440,+3.53,+20.498,+12.434,+0.964
1660874040,+3.53,+20.506,+12.423,+0.964
1660874640,+3.53,+20.481,+11.095,+0.964
1660875240,+3.53,+20.506, +9.950,+0.964
1660875840,+3.53,+20.498, +9.329,+0.963
1660876440,+3.53,+20.506, +8.814,+0.963
1660877040,+3.53,+20.498, +8.432,+0.963
1660877640,+3.53,+20.481, +8.151,+0.963
1660878240,+3.53,+20.498, +7.897,+0.963
1660878840,+3.53,+20.489, +7.781,+0.963
1660879440,+3.53,+20.464, +7.763,+0.963
1660880040,+3.53,+20.473, +7.687,+0.963
1660880640,+3.53,+20.481, +7.654,+0.963
1660881240,+3.53,+20.464, +7.605,+0.963
1660881840,+3.53,+20.447, +7.622,+0.963
1660882440,+3.53,+20.447, +7.543,+0.963
1660883040,+3.53,+20.447, +7.420,+0.963
1660883640,+3.53,+20.439, +7.394,+0.963
1660884240,+3.53,+20.439, +7.467,+0.963
1660884840,+3.53,+20.414, +7.543,+0.963
1660885440,+3.53,+20.406, +7.550,+0.963
1660886040,+3.53,+20.389, +7.455,+0.963
1660886640,+3.53,+20.380, +7.658,+0.963
1660887240,+3.53,+20.389, +7.704,+0.963
1660887840,+3.53,+20.372, +7.714,+0.963
1660888440,+3.53,+20.389, +7.627,+0.963
1660889040,+3.53,+20.397, +7.662,+0.963
1660889640,+3.53,+20.389, +7.611,+0.963
1660890240,+3.53,+20.397, +7.563,+0.963
1660890840,+3.53,+20.380, +7.674,+0.963
1660891440,+3.53,+20.397, +7.575,+0.963
1660892040,+3.53,+20.389, +7.441,+0.964
1660892640,+3.53,+20.397, +7.453,+0.963
1660893240,+3.53,+20.380, +7.555,+0.963
1660893840,+3.53,+20.389, +7.470,+0.963
1660894440,+3.53,+20.372, +7.363,+0.964
1660895040,+3.53,+20.372, +7.190,+0.963
1660895640,+3.53,+20.347, +7.003,+0.963
1660896240,+3.53,+20.339, +7.137,+0.963
1660896840,+3.53,+20.364, +7.091,+0.963
1660897440,+3.53,+20.355, +7.001,+0.963
1660898040,+3.53,+20.355, +6.854,+0.963
1660898640,+3.53,+20.330, +6.901,+0.963
1660899240,+3.53,+20.330, +6.771,+0.963
1660899840,+3.53,+20.322, +6.911,+0.964
1660900440,+3.53,+20.297, +7.041,+0.964
1660901040,+3.53,+20.313, +7.092,+0.963
1660901640,+3.53,+20.288, +7.082,+0.963
1660902240,+3.53,+20.288, +7.252,+0.963
1660902840,+3.53,+20.272, +7.191,+0.963
1660903440,+3.53,+20.280, +7.069,+0.963
1660904040,+3.53,+20.280, +7.068,+0.964
1660904640,+3.53,+20.280, +7.082,+0.963
1660905240,+3.53,+20.288, +7.067,+0.964
1660905840,+3.53,+20.288, +6.982,+0.964
1660906440,+3.53,+20.272, +6.849,+0.963
1660907040,+3.53,+20.313, +6.941,+0.963
1660907640,+3.53,+20.322, +6.925,+0.964
1660908240,+3.53,+20.330, +6.887,+0.963
1660908840,+3.53,+20.397, +8.751,+0.963
1660909440,+3.53,+20.406,+10.276,+0.964
1660910040,+3.53,+20.439,+10.926,+0.965
1660910640,+3.53,+20.456,+11.102,+0.964
1660911240,+3.53,+20.481,+11.362,+0.964
1660911840,+3.53,+20.514,+11.481,+0.964
1660912440,+3.53,+20.539,+11.592,+0.965
1660913040,+3.53,+20.581,+11.572,+0.965
1660913640,+3.53,+20.590,+11.740,+0.964
1660914240,+3.53,+20.598,+11.634,+0.965
1660914840,+3.53,+20.598,+11.551,+0.965
1660915440,+3.53,+20.573,+11.830,+0.965
1660916040,+3.53,+20.556,+11.773,+0.964
1660916640,+3.53,+20.539,+11.986,+0.965
1660917240,+3.53,+20.489,+12.111,+0.964
1660917840,+3.53,+20.464,+12.117,+0.964
1660918440,+3.53,+20.439,+12.266,+0.965
1660919040,+3.53,+20.380,+12.445,+0.965
1660919640,+3.53,+20.322,+12.460,+0.965
1660920240,+3.53,+20.297,+12.375,+0.964
1660920840,+3.53,+20.288,+12.261,+0.964
1660921440,+3.53,+20.280,+12.266,+0.965
1660922040,+3.53,+20.288,+12.142,+0.964
1660922640,+3.53,+20.280,+12.296,+0.966
1660923240,+3.53,+20.322,+10.205,+0.964
1660923840,+3.53,+20.364,+10.358,+0.964
1660924440,+3.53,+20.372,+10.471,+0.963
1660925040,+3.53,+20.380,+10.414,+0.963
1660925640,+3.53,+20.380,+10.459,+0.963
1660926240,+3.53,+20.389,+10.503,+0.964
1660926840,+3.53,+20.397,+10.522,+0.963
1660927440,+3.53,+20.414,+10.592,+0.964
1660928040,+3.53,+20.422,+10.944,+0.964
1660928640,+3.53,+20.447,+10.758,+0.964
1660929240,+3.53,+20.464,+10.931,+0.964
1660929840,+3.53,+20.473,+11.024,+0.964
1660930440,+3.53,+20.498,+11.186,+0.964
1660931040,+3.53,+20.514,+11.098,+0.964
1660931640,+3.53,+20.531,+11.021,+0.964
1660932240,+3.53,+20.539,+11.005,+0.964
1660932840,+3.53,+20.556,+10.905,+0.964
1660933440,+3.53,+20.565,+11.129,+0.964
1660934040,+3.53,+20.573,+11.028,+0.964
1660934640,+3.53,+20.598,+10.994,+0.963
1660935240,+3.53,+20.632,+10.954,+0.964
1660935840,+3.53,+20.648,+11.015,+0.964
1660936440,+3.53,+20.657,+11.225,+0.964
1660937040,+3.53,+20.673,+10.921,+0.964
1660937640,+3.53,+20.690,+10.826,+0.963
1660938240,+3.53,+20.648,+10.944,+0.964
1660938840,+3.53,+20.665,+11.313,+0.964
1660939440,+3.53,+20.632,+11.383,+0.965
1660940040,+3.53,+20.598,+11.396,+0.964
1660940640,+3.53,+20.590,+11.452,+0.965
1660941240,+3.53,+20.523,+11.522,+0.964
1660941840,+3.53,+20.506,+11.654,+0.964
1660942440,+3.53,+20.464,+11.661,+0.964
1660943040,+3.53,+20.406,+11.704,+0.965
1660943640,+3.53,+20.389,+11.702,+0.964
1660944240,+3.53,+20.322,+11.573,+0.965
1660944840,+3.53,+20.330,+11.308,+0.963
1660945440,+3.53,+20.322,+11.308,+0.964
1660946040,+3.53,+20.339,+11.545,+0.964
1660946640,+3.53,+20.364,+11.709,+0.964
1660947240,+3.53,+20.355,+11.529,+0.965
1660947840,+3.53,+20.355,+11.400,+0.965
1660948440,+3.53,+20.339,+11.329,+0.964
