7450-886331
OS REV: 1.05 Sensor Cal: 1635269547
Time (sec),  BV (Volts),  T (deg C),  DO (mg/l),  Q ()
1656860100,+3.52,+21.045, +6.632,+0.941
1656860700,+3.52,+20.953, +6.677,+0.942
1656861300,+3.52,+20.869, +6.719,+0.941
1656861900,+3.52,+20.828, +6.758,+0.941
1656862500,+3.52,+20.761, +6.820,+0.942
1656863100,+3.52,+20.710, +6.866,+0.941
1656863700,+3.52,+20.643, +6.911,+0.941
1656864300,+3.53,+20.577, +6.947,+0.941
1656864900,+3.53,+20.568, +6.984,+0.941
1656865500,+3.53,+20.484, +7.053,+0.941
1656866100,+3.53,+20.367, +7.082,+0.941
1656866700,+3.53,+20.250, +7.112,+0.941
1656867300,+3.53,+20.175, +7.146,+0.941
1656867900,+3.53,+20.208, +7.197,+0.941
1656868500,+3.53,+20.175, +7.270,+0.941
1656869100,+3.53,+20.166, +7.311,+0.940
1656869700,+3.53,+20.208, +7.344,+0.941
1656870300,+3.53,+20.259, +7.361,+0.941
1656870900,+3.53,+20.208, +7.384,+0.941
1656871500,+3.53,+20.225, +7.396,+0.941
1656872100,+3.53,+20.259, +7.395,+0.941
1656872700,+3.53,+20.250, +7.354,+0.941
1656873300,+3.53,+20.309, +7.312,+0.941
1656873900,+3.53,+20.267, +7.279,+0.941
1656874500,+3.53,+20.267, +7.263,+0.941
1656875100,+3.53,+20.267, +7.258,+0.941
1656875700,+3.53,+20.275, +7.260,+0.940
1656876300,+3.53,+20.259, +7.259,+0.941
1656876900,+3.53,+20.208, +7.277,+0.940
1656877500,+3.53,+20.192, +7.289,+0.941
1656878100,+3.53,+20.175, +7.297,+0.941
1656878700,+3.53,+20.133, +7.314,+0.941
1656879300,+3.52,+20.041, +7.352,+0.941
1656879900,+3.53,+20.099, +7.410,+0.941
1656880500,+3.53,+20.250, +7.509,+0.941
1656881100,+3.53,+20.267, +7.604,+0.941
1656881700,+3.53,+20.325, +7.636,+0.940
1656882300,+3.53,+20.325, +7.674,+0.940
1656882900,+3.53,+20.242, +7.720,+0.941
1656883500,+3.53,+20.192, +7.734,+0.940
1656884100,+3.53,+20.225, +7.728,+0.940
1656884700,+3.53,+20.267, +7.731,+0.941
1656885300,+3.53,+20.225, +7.719,+0.940
1656885900,+3.53,+20.275, +7.710,+0.940
1656886500,+3.53,+20.217, +7.695,+0.940
1656887100,+3.53,+20.150, +7.631,+0.940
1656887700,+3.53,+20.150, +7.612,+0.941
1656888300,+3.53,+20.183, +7.576,+0.940
1656888900,+3.53,+20.208, +7.584,+0.940
1656889500,+3.53,+20.175, +7.602,+0.940
1656890100,+3.53,+20.158, +7.623,+0.940
1656890700,+3.53,+20.108, +7.652,+0.940
1656891300,+3.53,+20.074, +7.659,+0.941
1656891900,+3.52,+20.016, +7.652,+0.940
1656892500,+3.52,+19.974, +7.679,+0.940
1656893100,+3.53,+20.116, +7.741,+0.940
1656893700,+3.53,+20.141, +7.821,+0.941
1656894300,+3.53,+20.192, +7.869,+0.940
1656894900,+3.53,+20.192, +7.905,+0.940
1656895500,+3.53,+20.217, +7.925,+0.940
1656896100,+3.53,+20.217, +7.935,+0.940
1656896700,+3.53,+20.192, +7.959,+0.940
1656897300,+3.53,+20.233, +7.953,+0.940
1656897900,+3.52,+20.292, +7.947,+0.941
1656898500,+3.53,+20.217, +7.948,+0.940
1656899100,+3.53,+20.158, +7.955,+0.940
1656899700,+3.53,+20.208, +7.917,+0.940
1656900300,+3.53,+20.225, +7.892,+0.941
1656900900,+3.52,+20.074, +7.820,+0.940
1656901500,+3.52,+19.940, +7.762,+0.940
1656902100,+3.52,+19.873, +7.717,+0.940
1656902700,+3.52,+19.898, +7.652,+0.940
1656903300,+3.52,+19.882, +7.596,+0.940
1656903900,+3.52,+19.898, +7.517,+0.940
1656904500,+3.52,+19.915, +7.460,+0.940
1656905100,+3.52,+19.924, +7.386,+0.940
1656905700,+3.52,+20.007, +7.312,+0.940
1656906300,+3.52,+20.091, +7.233,+0.940
1656906900,+3.53,+20.183, +7.154,+0.940
1656907500,+3.52,+20.284, +7.070,+0.940
1656908100,+3.52,+20.384, +6.989,+0.941
1656908700,+3.52,+20.535, +6.880,+0.941
1656909300,+3.52,+20.635, +6.776,+0.940
1656909900,+3.52,+20.769, +6.678,+0.941
1656910500,+3.52,+20.928, +6.568,+0.940
1656911100,+3.52,+21.020, +6.473,+0.941
1656911700,+3.52,+21.145, +6.364,+0.941
1656912300,+3.52,+21.296, +6.256,+0.941
1656912900,+3.52,+21.413, +6.173,+0.941
1656913500,+3.52,+21.522, +6.092,+0.941
1656914100,+3.52,+21.655, +6.009,+0.941
1656914700,+3.52,+21.756, +5.931,+0.941
1656915300,+3.52,+21.839, +5.840,+0.941
1656915900,+3.52,+21.890, +5.758,+0.941
1656916500,+3.52,+21.956, +5.667,+0.941
1656917100,+3.52,+22.007, +5.572,+0.941
1656917700,+3.52,+22.057, +5.468,+0.942
1656918300,+3.52,+22.107, +5.357,+0.941
1656918900,+3.52,+22.166, +5.260,+0.942
1656919500,+3.52,+22.199, +5.162,+0.942
1656920100,+3.52,+22.249, +5.075,+0.942
1656920700,+3.52,+22.308, +4.997,+0.942
1656921300,+3.52,+22.358, +4.925,+0.942
1656921900,+3.52,+22.391, +4.835,+0.942
1656922500,+3.52,+22.458, +4.744,+0.942
1656923100,+3.52,+22.458, +4.667,+0.942
1656923700,+3.52,+22.492, +4.592,+0.942
1656924300,+3.52,+22.517, +4.519,+0.942
1656924900,+3.52,+22.534, +4.451,+0.942
1656925500,+3.52,+22.559, +4.364,+0.942
1656926100,+3.52,+22.550, +4.293,+0.943
1656926700,+3.52,+22.575, +4.216,+0.943
1656927300,+3.52,+22.600, +4.138,+0.943
1656927900,+3.52,+22.617, +4.064,+0.943
1656928500,+3.52,+22.634, +3.993,+0.943
1656929100,+3.52,+22.768, +3.928,+0.943
1656929700,+3.52,+22.918, +3.852,+0.943
1656930300,+3.52,+23.002, +3.727,+0.943
1656930900,+3.52,+23.069, +3.624,+0.943
1656931500,+3.52,+23.036, +3.656,+0.943
1656932100,+3.52,+22.960, +3.798,+0.943
1656932700,+3.52,+22.885, +3.995,+0.942
1656933300,+3.52,+22.843, +4.190,+0.942
1656933900,+3.52,+22.743, +4.371,+0.941
1656934500,+3.52,+22.642, +4.519,+0.941
1656935100,+3.53,+22.550, +4.736,+0.941
1656935700,+3.53,+22.442, +4.920,+0.941
1656936300,+3.53,+22.366, +5.042,+0.940
1656936900,+3.53,+22.266, +5.128,+0.941
1656937500,+3.53,+22.199, +5.263,+0.941
1656938100,+3.52,+22.115, +5.407,+0.941
1656938700,+3.52,+22.032, +5.482,+0.940
1656939300,+3.52,+21.948, +5.619,+0.941
1656939900,+3.52,+21.898, +5.740,+0.941
1656940500,+3.52,+21.814, +5.701,+0.941
1656941100,+3.52,+21.739, +5.687,+0.941
1656941700,+3.52,+21.664, +5.752,+0.941
1656942300,+3.53,+21.572, +5.840,+0.941
1656942900,+3.53,+21.471, +5.936,+0.942
1656943500,+3.53,+21.380, +5.957,+0.941
1656944100,+3.53,+21.296, +6.102,+0.941
1656944700,+3.53,+21.237, +6.135,+0.941
1656945300,+3.53,+21.129, +6.098,+0.941
1656945900,+3.52,+21.070, +6.093,+0.941
1656946500,+3.52,+21.003, +6.160,+0.941
