7450-886331
OS REV: 1.05 Sensor Cal: 1635269547
Time (sec),  BV (Volts),  T (deg C),  DO (mg/l),  Q ()
1660775100,+3.51,+15.947,+13.196,+0.940
1660775700,+3.51,+15.921,+13.070,+0.940
1660776300,+3.51,+15.862,+13.118,+0.940
1660776900,+3.51,+15.836,+13.120,+0.940
1660777500,+3.51,+15.810,+13.075,+0.940
1660778100,+3.51,+15.827,+13.111,+0.941
1660778700,+3.51,+15.802,+13.102,+0.940
1660779300,+3.51,+15.785,+13.084,+0.941
1660779900,+3.51,+15.785,+13.052,+0.941
1660780500,+3.51,+15.802,+13.069,+0.941
1660781100,+3.51,+15.819,+13.152,+0.941
1660781700,+3.51,+15.879,+13.173,+0.941
1660782300,+3.51,+15.887,+13.099,+0.940
1660782900,+3.51,+15.938,+13.019,+0.940
1660783500,+3.51,+15.981,+12.986,+0.941
1660784100,+3.51,+15.998,+12.874,+0.940
1660784700,+3.51,+15.990,+12.892,+0.941
1660785300,+3.51,+15.990,+12.843,+0.940
1660785900,+3.51,+16.015,+12.758,+0.941
1660786500,+3.51,+15.981,+12.767,+0.941
1660787100,+3.51,+15.973,+12.718,+0.940
1660787700,+3.51,+15.964,+12.691,+0.941
1660788300,+3.51,+15.921,+12.390,+0.940
1660788900,+3.51,+15.810,+11.254,+0.941
1660789500,+3.51,+15.768,+10.715,+0.941
1660790100,+3.51,+15.733,+10.449,+0.940
1660790700,+3.51,+15.725,+10.274,+0.941
1660791300,+3.50,+15.691,+10.142,+0.941
1660791900,+3.50,+15.691,+10.071,+0.940
1660792500,+3.50,+15.691,+10.045,+0.940
1660793100,+3.50,+15.699,+10.116,+0.940
1660793700,+3.50,+15.673, +9.805,+0.940
1660794300,+3.50,+15.708,+10.022,+0.940
1660794900,+3.51,+15.708,+10.459,+0.941
1660795500,+3.51,+15.742,+10.472,+0.940
1660796100,+3.51,+15.768,+10.346,+0.941
1660796700,+3.51,+15.785,+10.347,+0.940
1660797300,+3.51,+15.819,+10.292,+0.940
1660797900,+3.51,+15.853,+10.321,+0.940
1660798500,+3.51,+15.879,+10.330,+0.941
1660799100,+3.51,+15.887,+10.385,+0.940
1660799700,+3.51,+15.887,+10.124,+0.940
1660800300,+3.51,+15.862, +9.801,+0.940
1660800900,+3.51,+15.870, +9.364,+0.940
1660801500,+3.51,+15.853, +9.340,+0.940
1660802100,+3.51,+15.827, +9.222,+0.940
1660802700,+3.51,+15.776, +9.166,+0.940
1660803300,+3.51,+15.776, +9.070,+0.941
1660803900,+3.50,+15.725, +9.273,+0.940
1660804500,+3.50,+15.691, +8.900,+0.941
1660805100,+3.50,+15.665, +9.397,+0.941
1660805700,+3.50,+15.648, +9.348,+0.941
1660806300,+3.50,+15.631, +9.207,+0.941
1660806900,+3.50,+15.614, +9.230,+0.941
1660807500,+3.50,+15.631, +9.442,+0.940
1660808100,+3.50,+15.648, +9.790,+0.940
1660808700,+3.50,+15.648,+10.040,+0.941
1660809300,+3.50,+15.673, +9.933,+0.940
1660809900,+3.50,+15.699,+10.123,+0.941
1660810500,+3.50,+15.733,+10.128,+0.940
1660811100,+3.51,+15.742,+10.148,+0.941
1660811700,+3.51,+15.768,+10.099,+0.940
1660812300,+3.51,+15.776,+10.042,+0.940
1660812900,+3.51,+15.819, +9.894,+0.940
1660813500,+3.51,+15.836, +9.816,+0.940
1660814100,+3.51,+15.853, +9.853,+0.941
1660814700,+3.51,+15.862, +9.955,+0.940
1660815300,+3.51,+15.853, +9.710,+0.941
1660815900,+3.51,+15.853, +9.570,+0.940
1660816500,+3.51,+15.836, +9.355,+0.940
1660817100,+3.51,+15.862, +9.789,+0.941
1660817700,+3.51,+15.827,+10.922,+0.940
1660818300,+3.51,+15.819,+11.416,+0.940
1660818900,+3.51,+15.776,+11.540,+0.941
1660819500,+3.51,+15.776,+11.615,+0.940
1660820100,+3.51,+15.733,+11.731,+0.941
1660820700,+3.50,+15.716,+11.810,+0.941
1660821300,+3.51,+15.708,+11.937,+0.941
1660821900,+3.51,+15.716,+12.092,+0.940
1660822500,+3.51,+15.708,+12.231,+0.940
1660823100,+3.51,+15.768,+12.281,+0.940
1660823700,+3.51,+15.785,+12.471,+0.940
1660824300,+3.51,+15.836,+12.517,+0.940
1660824900,+3.51,+15.887,+12.512,+0.940
1660825500,+3.51,+15.904,+12.562,+0.940
1660826100,+3.51,+15.921,+12.641,+0.940
1660826700,+3.51,+15.947,+12.662,+0.941
1660827300,+3.51,+15.964,+12.662,+0.941
1660827900,+3.51,+15.930,+12.609,+0.940
1660828500,+3.51,+15.956,+12.619,+0.940
1660829100,+3.51,+15.930,+12.635,+0.940
1660829700,+3.51,+15.930,+12.699,+0.940
1660830300,+3.51,+15.930,+12.775,+0.940
1660830900,+3.51,+15.947,+12.794,+0.940
1660831500,+3.51,+15.930,+12.792,+0.941
1660832100,+3.51,+15.921,+12.884,+0.941
1660832700,+3.51,+15.938,+12.769,+0.941
1660833300,+3.51,+15.913,+12.756,+0.940
1660833900,+3.51,+15.930,+12.767,+0.941
1660834500,+3.51,+16.084,+11.154,+0.940
1660835100,+3.51,+16.126,+11.481,+0.940
1660835700,+3.51,+16.101,+11.688,+0.939
1660836300,+3.51,+16.075,+11.720,+0.940
1660836900,+3.51,+16.032,+11.765,+0.940
1660837500,+3.51,+15.998,+11.855,+0.941
1660838100,+3.51,+15.947,+11.863,+0.940
1660838700,+3.51,+15.913,+11.872,+0.940
1660839300,+3.51,+15.913,+11.789,+0.940
1660839900,+3.51,+15.887,+11.677,+0.941
1660840500,+3.51,+15.887,+11.119,+0.940
1660841100,+3.51,+15.947,+11.126,+0.940
1660841700,+3.51,+15.956,+11.114,+0.940
1660842300,+3.51,+15.998,+11.092,+0.940
1660842900,+3.51,+16.032,+11.118,+0.941
1660843500,+3.51,+16.015,+11.166,+0.940
1660844100,+3.51,+16.032,+11.163,+0.940
1660844700,+3.51,+16.024,+11.440,+0.940
1660845300,+3.51,+16.058,+11.535,+0.940
1660845900,+3.51,+16.049,+11.842,+0.940
1660846500,+3.51,+16.032,+11.919,+0.940
1660847100,+3.51,+15.998,+11.895,+0.940
1660847700,+3.51,+15.947,+11.953,+0.940
1660848300,+3.51,+15.921,+11.842,+0.941
1660848900,+3.51,+15.887,+11.648,+0.941
1660849500,+3.51,+15.836,+11.633,+0.941
1660850100,+3.51,+15.819,+11.753,+0.941
1660850700,+3.51,+15.802,+11.775,+0.940
1660851300,+3.51,+15.750,+11.908,+0.940
1660851900,+3.51,+15.759,+11.819,+0.941
1660852500,+3.51,+15.802,+11.843,+0.940
1660853100,+3.51,+15.810,+11.816,+0.941
1660853700,+3.51,+15.827,+11.857,+0.940
1660854300,+3.51,+15.879,+11.954,+0.941
1660854900,+3.51,+15.913,+11.367,+0.940
1660855500,+3.51,+15.947,+11.322,+0.940
1660856100,+3.51,+15.990,+11.483,+0.940
1660856700,+3.51,+15.973,+11.709,+0.940
1660857300,+3.51,+16.007,+11.715,+0.940
1660857900,+3.51,+16.007,+11.663,+0.940
1660858500,+3.51,+15.998,+11.499,+0.940
1660859100,+3.51,+15.990,+11.935,+0.940
1660859700,+3.51,+15.956,+11.956,+0.940
1660860300,+3.51,+15.930,+12.034,+0.940
1660860900,+3.51,+15.887,+12.025,+0.940
1660861500,+3.51,+15.853,+12.015,+0.941
