7450-929740
OS REV: 1.05 Sensor Cal: 1635261809
Time (sec),  BV (Volts),  T (deg C),  DO (mg/l),  Q ()
1657033980,+3.52,+20.960, +7.560,+0.957
1657034580,+3.52,+20.834, +6.936,+0.957
1657035180,+3.52,+20.801, +6.351,+0.958
1657035780,+3.52,+20.734, +5.775,+0.958
1657036380,+3.52,+20.675, +5.173,+0.959
1657036980,+3.52,+20.600, +4.562,+0.960
1657037580,+3.52,+20.542, +4.013,+0.960
1657038180,+3.52,+20.516, +3.498,+0.960
1657038780,+3.52,+20.567, +2.970,+0.960
1657039380,+3.52,+20.483, +2.395,+0.961
1657039980,+3.52,+20.391, +1.877,+0.960
1657040580,+3.52,+20.291, +1.404,+0.958
1657041180,+3.52,+20.215, +1.007,+0.956
1657041780,+3.52,+20.157, +0.634,+0.952
1657042380,+3.52,+20.107, +0.258,+0.945
1657042980,+3.52,+20.081, +0.045,+0.940
1657043580,+3.52,+20.056, +0.018,+0.939
1657044180,+3.52,+20.090, +0.017,+0.939
1657044780,+3.52,+20.140, +0.017,+0.939
1657045380,+3.52,+20.056, +0.017,+0.939
1657045980,+3.52,+19.981, +0.017,+0.939
1657046580,+3.52,+20.014, +0.016,+0.940
1657047180,+3.52,+20.123, +0.018,+0.940
1657047780,+3.52,+20.224, +0.018,+0.940
1657048380,+3.52,+20.173, +0.017,+0.940
1657048980,+3.52,+20.115, +0.017,+0.940
1657049580,+3.52,+20.107, +0.018,+0.940
1657050180,+3.52,+20.115, +0.017,+0.940
1657050780,+3.52,+20.215, +0.018,+0.940
1657051380,+3.52,+20.232, +0.018,+0.940
1657051980,+3.52,+20.257, +0.018,+0.940
1657052580,+3.52,+20.199, +0.017,+0.940
1657053180,+3.52,+20.123, +0.018,+0.940
1657053780,+3.52,+20.090, +0.018,+0.940
1657054380,+3.52,+20.023, +0.017,+0.940
1657054980,+3.52,+19.989, +0.018,+0.940
1657055580,+3.52,+19.989, +0.018,+0.940
1657056180,+3.52,+20.023, +0.018,+0.940
1657056780,+3.52,+20.014, +0.019,+0.940
1657057380,+3.52,+20.040, +0.018,+0.940
1657057980,+3.52,+20.081, +0.019,+0.940
1657058580,+3.52,+20.090, +0.019,+0.940
1657059180,+3.52,+19.922, +0.018,+0.940
1657059780,+3.52,+19.881, +0.018,+0.940
1657060380,+3.52,+19.973, +0.018,+0.940
1657060980,+3.52,+19.989, +0.018,+0.940
1657061580,+3.52,+19.956, +0.018,+0.940
1657062180,+3.52,+19.956, +0.018,+0.940
1657062780,+3.52,+19.973, +0.017,+0.940
1657063380,+3.52,+20.006, +0.018,+0.940
1657063980,+3.52,+20.098, +0.017,+0.940
1657064580,+3.52,+20.148, +0.018,+0.940
1657065180,+3.52,+20.123, +0.018,+0.940
1657065780,+3.52,+20.107, +0.018,+0.940
1657066380,+3.52,+20.065, +0.019,+0.940
1657066980,+3.52,+20.040, +0.019,+0.940
1657067580,+3.52,+20.023, +0.018,+0.940
1657068180,+3.52,+20.014, +0.019,+0.940
1657068780,+3.52,+20.031, +0.019,+0.940
1657069380,+3.52,+20.023, +0.018,+0.940
1657069980,+3.52,+20.065, +0.018,+0.940
1657070580,+3.52,+20.065, +0.019,+0.940
1657071180,+3.52,+20.065, +0.018,+0.940
1657071780,+3.52,+20.040, +0.018,+0.940
1657072380,+3.52,+20.073, +0.019,+0.940
1657072980,+3.52,+20.107, +0.018,+0.940
1657073580,+3.51,+19.956, +0.018,+0.940
1657074180,+3.52,+19.713, +0.018,+0.940
1657074780,+3.52,+19.604, +0.017,+0.940
1657075380,+3.52,+19.554, +0.017,+0.940
1657075980,+3.52,+19.554, +0.017,+0.940
1657076580,+3.52,+19.604, +0.017,+0.940
1657077180,+3.52,+19.646, +0.017,+0.940
1657077780,+3.52,+19.705, +0.017,+0.940
1657078380,+3.52,+19.797, +0.016,+0.940
1657078980,+3.51,+19.914, +0.016,+0.940
1657079580,+3.51,+19.998, +0.016,+0.940
1657080180,+3.52,+20.107, +0.016,+0.940
1657080780,+3.52,+20.215, +0.016,+0.940
1657081380,+3.52,+20.324, +0.016,+0.940
1657081980,+3.52,+20.466, +0.016,+0.939
1657082580,+3.52,+20.617, +0.017,+0.940
1657083180,+3.52,+20.776, +0.016,+0.939
1657083780,+3.51,+20.926, +0.016,+0.939
1657084380,+3.52,+21.085, +0.016,+0.939
1657084980,+3.52,+21.227, +0.016,+0.939
1657085580,+3.52,+21.369, +0.016,+0.939
1657086180,+3.52,+21.469, +0.016,+0.939
1657086780,+3.52,+21.586, +0.016,+0.939
1657087380,+3.52,+21.661, +0.016,+0.939
1657087980,+3.51,+21.770, +0.015,+0.938
1657088580,+3.51,+21.870, +0.016,+0.938
1657089180,+3.51,+21.920, +0.016,+0.939
1657089780,+3.51,+21.996, +0.016,+0.938
1657090380,+3.51,+22.029, +0.016,+0.938
1657090980,+3.51,+22.104, +0.016,+0.939
1657091580,+3.52,+22.171, +0.016,+0.938
1657092180,+3.52,+22.230, +0.016,+0.938
1657092780,+3.52,+22.288, +0.016,+0.938
1657093380,+3.52,+22.330, +0.016,+0.938
1657093980,+3.52,+22.388, +0.016,+0.938
1657094580,+3.52,+22.422, +0.016,+0.938
1657095180,+3.52,+22.455, +0.016,+0.938
1657095780,+3.52,+22.472, +0.016,+0.938
1657096380,+3.52,+22.472, +0.016,+0.938
1657096980,+3.52,+22.472, +0.016,+0.938
1657097580,+3.52,+22.505, +0.016,+0.938
1657098180,+3.52,+22.497, +0.015,+0.938
1657098780,+3.52,+22.505, +0.016,+0.938
1657099380,+3.52,+22.514, +0.016,+0.938
1657099980,+3.52,+22.522, +0.016,+0.938
1657100580,+3.52,+22.539, +0.016,+0.938
1657101180,+3.52,+22.581, +0.015,+0.938
1657101780,+3.52,+22.656, +0.016,+0.938
1657102380,+3.52,+22.881, +0.016,+0.938
1657102980,+3.52,+22.990, +0.017,+0.938
1657103580,+3.51,+23.074, +0.017,+0.938
1657104180,+3.51,+23.099, +0.017,+0.938
1657104780,+3.51,+23.074, +0.017,+0.938
1657105380,+3.51,+23.074, +0.017,+0.938
1657105980,+3.52,+22.990, +0.017,+0.938
1657106580,+3.52,+22.923, +0.017,+0.938
1657107180,+3.52,+22.815, +0.017,+0.938
1657107780,+3.52,+22.731, +0.017,+0.938
1657108380,+3.52,+22.647, +0.017,+0.939
1657108980,+3.52,+22.564, +0.016,+0.938
1657109580,+3.52,+22.422, +0.016,+0.939
1657110180,+3.52,+22.296, +0.017,+0.939
1657110780,+3.52,+22.171, +0.017,+0.939
1657111380,+3.52,+22.071, +0.017,+0.939
1657111980,+3.52,+21.979, +0.017,+0.939
1657112580,+3.52,+21.879, +0.017,+0.939
1657113180,+3.52,+21.795, +0.017,+0.939
1657113780,+3.52,+21.720, +0.017,+0.939
1657114380,+3.52,+21.653, +0.017,+0.939
1657114980,+3.52,+21.603, +0.017,+0.940
1657115580,+3.52,+21.503, +0.017,+0.939
1657116180,+3.52,+21.453, +0.017,+0.940
1657116780,+3.52,+21.361, +0.017,+0.940
1657117380,+3.52,+21.294, +0.017,+0.940
1657117980,+3.52,+21.194, +0.329,+0.946
1657118580,+3.52,+21.210, +7.785,+0.958
1657119180,+3.52,+21.244, +8.364,+0.957
1657119780,+3.52,+21.194, +8.034,+0.957
1657120380,+3.52,+21.077, +7.406,+0.957
