7450-929740
OS REV: 1.05 Sensor Cal: 1635261809
Time (sec),  BV (Volts),  T (deg C),  DO (mg/l),  Q ()
1657207980,+3.51,+15.930,+10.655,+0.958
1657208580,+3.51,+15.904,+10.691,+0.958
1657209180,+3.51,+15.896,+10.707,+0.958
1657209780,+3.51,+15.870,+10.721,+0.958
1657210380,+3.51,+15.862,+10.738,+0.958
1657210980,+3.51,+15.844,+10.763,+0.958
1657211580,+3.51,+15.827,+10.794,+0.958
1657212180,+3.51,+15.836,+10.803,+0.958
1657212780,+3.51,+15.819,+10.841,+0.958
1657213380,+3.51,+15.802,+10.864,+0.958
1657213980,+3.51,+15.793,+10.862,+0.958
1657214580,+3.51,+15.768,+10.926,+0.959
1657215180,+3.51,+15.776,+10.901,+0.958
1657215780,+3.51,+15.768,+10.928,+0.958
1657216380,+3.51,+15.742,+10.959,+0.958
1657216980,+3.51,+15.742,+10.967,+0.958
1657217580,+3.51,+15.733,+10.989,+0.959
1657218180,+3.51,+15.725,+11.002,+0.958
1657218780,+3.51,+15.725,+11.018,+0.958
1657219380,+3.51,+15.691,+11.064,+0.959
1657219980,+3.51,+15.691,+11.063,+0.958
1657220580,+3.51,+15.665,+11.084,+0.958
1657221180,+3.51,+15.665,+11.111,+0.959
1657221780,+3.51,+15.648,+11.132,+0.958
1657222380,+3.51,+15.648,+11.148,+0.958
1657222980,+3.51,+15.631,+11.198,+0.958
1657223580,+3.51,+15.631,+11.193,+0.959
1657224180,+3.51,+15.631,+11.212,+0.958
1657224780,+3.51,+15.596,+11.262,+0.958
1657225380,+3.51,+15.622,+11.232,+0.958
1657225980,+3.50,+15.639,+11.198,+0.958
1657226580,+3.51,+15.699,+11.269,+0.958
1657227180,+3.51,+15.733,+11.346,+0.958
1657227780,+3.51,+15.776,+11.401,+0.958
1657228380,+3.51,+15.827,+11.448,+0.959
1657228980,+3.51,+15.879,+11.469,+0.958
1657229580,+3.51,+15.938,+11.444,+0.958
1657230180,+3.51,+15.998,+11.380,+0.958
1657230780,+3.51,+16.032,+11.371,+0.958
1657231380,+3.51,+16.049,+11.364,+0.958
1657231980,+3.51,+16.075,+11.427,+0.958
1657232580,+3.51,+16.092,+11.505,+0.958
1657233180,+3.51,+16.101,+11.492,+0.958
1657233780,+3.51,+16.118,+11.463,+0.957
1657234380,+3.51,+16.109,+11.469,+0.958
1657234980,+3.51,+16.084,+11.524,+0.958
1657235580,+3.51,+16.109,+11.527,+0.958
1657236180,+3.51,+16.092,+11.561,+0.958
1657236780,+3.51,+16.084,+11.599,+0.958
1657237380,+3.51,+16.084,+11.603,+0.958
1657237980,+3.51,+16.058,+11.613,+0.958
1657238580,+3.51,+16.049,+11.610,+0.958
1657239180,+3.51,+16.041,+11.614,+0.958
1657239780,+3.51,+16.032,+11.621,+0.958
1657240380,+3.51,+15.990,+11.647,+0.958
1657240980,+3.51,+15.990,+11.624,+0.958
1657241580,+3.51,+15.981,+11.641,+0.958
1657242180,+3.51,+15.964,+11.658,+0.958
1657242780,+3.51,+15.938,+11.690,+0.958
1657243380,+3.51,+15.904,+11.714,+0.958
1657243980,+3.51,+15.904,+11.711,+0.958
1657244580,+3.51,+15.904,+11.695,+0.957
1657245180,+3.51,+15.870,+11.712,+0.958
1657245780,+3.51,+15.853,+11.713,+0.958
1657246380,+3.51,+15.776,+11.416,+0.958
1657246980,+3.51,+15.750,+11.293,+0.958
1657247580,+3.51,+15.725,+11.112,+0.958
1657248180,+3.51,+15.691,+10.962,+0.958
1657248780,+3.50,+15.656,+10.847,+0.958
1657249380,+3.50,+15.614,+10.781,+0.958
1657249980,+3.50,+15.614,+10.749,+0.958
1657250580,+3.50,+15.571,+10.780,+0.958
1657251180,+3.50,+15.571,+10.516,+0.958
1657251780,+3.50,+15.571,+10.705,+0.958
1657252380,+3.50,+15.605,+10.792,+0.958
1657252980,+3.50,+15.605,+10.747,+0.958
1657253580,+3.50,+15.648,+10.832,+0.958
1657254180,+3.50,+15.673,+10.977,+0.957
1657254780,+3.51,+15.725,+10.789,+0.958
1657255380,+3.51,+15.750,+10.643,+0.958
1657255980,+3.51,+15.785,+10.532,+0.958
1657256580,+3.51,+15.802,+10.503,+0.957
1657257180,+3.51,+15.819,+10.668,+0.957
1657257780,+3.51,+15.810,+10.783,+0.958
1657258380,+3.51,+15.819,+10.817,+0.958
1657258980,+3.51,+15.810,+10.616,+0.958
1657259580,+3.51,+15.827,+10.363,+0.958
1657260180,+3.51,+15.802,+10.255,+0.957
1657260780,+3.51,+15.776,+10.229,+0.958
1657261380,+3.51,+15.759,+10.263,+0.958
1657261980,+3.51,+15.725,+10.338,+0.957
1657262580,+3.51,+15.716,+10.401,+0.958
1657263180,+3.50,+15.673,+10.418,+0.958
1657263780,+3.50,+15.639,+10.511,+0.958
1657264380,+3.50,+15.596,+10.439,+0.958
1657264980,+3.50,+15.588,+10.404,+0.958
1657265580,+3.50,+15.579,+10.372,+0.958
1657266180,+3.50,+15.536,+10.310,+0.958
1657266780,+3.50,+15.536,+10.372,+0.958
1657267380,+3.50,+15.536,+10.630,+0.958
1657267980,+3.50,+15.571,+10.557,+0.958
1657268580,+3.50,+15.605,+10.535,+0.958
1657269180,+3.50,+15.622,+10.547,+0.958
1657269780,+3.50,+15.673,+10.524,+0.958
1657270380,+3.50,+15.708,+10.558,+0.958
1657270980,+3.51,+15.725,+10.555,+0.958
1657271580,+3.51,+15.776,+10.481,+0.958
1657272180,+3.51,+15.785,+10.388,+0.957
1657272780,+3.51,+15.785,+10.443,+0.958
1657273380,+3.51,+15.785,+10.614,+0.958
1657273980,+3.51,+15.785,+10.609,+0.958
1657274580,+3.51,+15.853,+10.374,+0.957
1657275180,+3.51,+15.844,+10.754,+0.958
1657275780,+3.51,+15.844,+11.015,+0.957
1657276380,+3.51,+15.844,+11.159,+0.957
1657276980,+3.51,+15.810,+11.300,+0.958
1657277580,+3.51,+15.768,+11.401,+0.958
1657278180,+3.51,+15.793,+11.470,+0.959
1657278780,+3.51,+15.776,+11.510,+0.959
1657279380,+3.51,+15.742,+11.571,+0.958
1657279980,+3.51,+15.716,+11.614,+0.958
1657280580,+3.51,+15.716,+11.654,+0.959
1657281180,+3.51,+15.691,+11.672,+0.958
1657281780,+3.50,+15.673,+11.700,+0.958
1657282380,+3.50,+15.665,+11.686,+0.958
1657282980,+3.50,+15.656,+11.756,+0.958
1657283580,+3.50,+15.699,+11.747,+0.958
1657284180,+3.50,+15.725,+11.720,+0.959
1657284780,+3.51,+15.768,+11.714,+0.958
1657285380,+3.51,+15.802,+11.766,+0.957
1657285980,+3.51,+15.844,+11.858,+0.958
1657286580,+3.51,+15.879,+11.808,+0.958
1657287180,+3.51,+15.930,+11.832,+0.958
1657287780,+3.51,+15.998,+11.841,+0.958
1657288380,+3.51,+16.015,+11.883,+0.958
1657288980,+3.51,+16.015,+11.946,+0.958
1657289580,+3.51,+16.058,+11.868,+0.958
1657290180,+3.51,+16.084,+11.899,+0.957
1657290780,+3.51,+16.092,+11.983,+0.957
1657291380,+3.51,+16.126,+12.053,+0.958
1657291980,+3.51,+16.126,+11.971,+0.958
1657292580,+3.50,+16.126,+12.016,+0.957
1657293180,+3.51,+16.126,+12.055,+0.958
1657293780,+3.51,+16.101,+12.112,+0.958
1657294380,+3.51,+16.109,+12.150,+0.958
