7450-929740
OS REV: 1.05 Sensor Cal: 1635261809
Time (sec),  BV (Volts),  T (deg C),  DO (mg/l),  Q ()
1661296980,+3.50,+16.041, +6.426,+0.957
1661297580,+3.50,+16.032, +6.433,+0.958
1661298180,+3.50,+16.007, +6.439,+0.958
1661298780,+3.50,+15.998, +6.432,+0.958
1661299380,+3.50,+15.973, +6.440,+0.958
1661299980,+3.50,+15.964, +6.417,+0.958
1661300580,+3.50,+15.947, +6.402,+0.958
1661301180,+3.50,+15.904, +6.377,+0.958
1661301780,+3.50,+15.896, +6.344,+0.958
1661302380,+3.50,+15.870, +6.321,+0.958
1661302980,+3.50,+15.844, +6.334,+0.958
1661303580,+3.50,+15.827, +6.323,+0.958
1661304180,+3.50,+15.810, +6.305,+0.958
1661304780,+3.50,+15.776, +6.298,+0.958
1661305380,+3.50,+15.750, +6.287,+0.958
1661305980,+3.50,+15.733, +6.282,+0.959
1661306580,+3.50,+15.716, +6.272,+0.958
1661307180,+3.50,+15.631, +5.629,+0.959
1661307780,+3.50,+15.579, +5.021,+0.959
1661308380,+3.50,+15.596, +4.551,+0.959
1661308980,+3.50,+15.562, +4.198,+0.958
1661309580,+3.50,+15.562, +4.456,+0.958
1661310180,+3.50,+15.545, +4.520,+0.957
1661310780,+3.50,+15.571, +4.516,+0.958
1661311380,+3.50,+15.614, +4.729,+0.958
1661311980,+3.50,+15.631, +4.725,+0.958
1661312580,+3.50,+15.682, +4.863,+0.958
1661313180,+3.50,+15.725, +4.756,+0.959
1661313780,+3.50,+15.759, +4.687,+0.959
1661314380,+3.50,+15.785, +4.437,+0.958
1661314980,+3.50,+15.802, +4.217,+0.958
1661315580,+3.50,+15.793, +4.258,+0.959
1661316180,+3.50,+15.793, +4.404,+0.958
1661316780,+3.50,+15.810, +4.445,+0.959
1661317380,+3.50,+15.827, +4.174,+0.958
1661317980,+3.50,+15.810, +3.814,+0.959
1661318580,+3.50,+15.785, +3.451,+0.958
1661319180,+3.50,+15.776, +2.980,+0.960
1661319780,+3.50,+15.742, +2.717,+0.960
1661320380,+3.50,+15.725, +2.665,+0.960
1661320980,+3.50,+15.682, +2.691,+0.960
1661321580,+3.50,+15.665, +2.858,+0.959
1661322180,+3.50,+15.631, +3.097,+0.960
1661322780,+3.50,+15.588, +3.124,+0.960
1661323380,+3.50,+15.562, +3.053,+0.960
1661323980,+3.50,+15.536, +2.970,+0.960
1661324580,+3.50,+15.502, +2.847,+0.960
1661325180,+3.50,+15.494, +2.838,+0.959
1661325780,+3.50,+15.494, +2.600,+0.958
1661326380,+3.50,+15.528, +2.348,+0.958
1661326980,+3.50,+15.536, +2.465,+0.959
1661327580,+3.50,+15.579, +2.310,+0.957
1661328180,+3.50,+15.605, +2.284,+0.956
1661328780,+3.50,+15.656, +2.377,+0.955
1661329380,+3.50,+15.673, +2.499,+0.954
1661329980,+3.50,+15.716, +2.521,+0.955
1661330580,+3.50,+15.742, +2.456,+0.954
1661331180,+3.50,+15.768, +2.230,+0.954
1661331780,+3.50,+15.759, +2.304,+0.953
1661332380,+3.50,+15.768, +2.725,+0.957
1661332980,+3.50,+15.776, +3.394,+0.955
1661333580,+3.50,+15.776, +3.414,+0.958
1661334180,+3.50,+15.768, +3.032,+0.959
1661334780,+3.50,+15.750, +2.638,+0.959
1661335380,+3.50,+15.768, +2.970,+0.960
1661335980,+3.50,+15.785, +4.328,+0.960
1661336580,+3.50,+15.759, +5.119,+0.959
1661337180,+3.50,+15.725, +5.506,+0.959
1661337780,+3.50,+15.733, +5.609,+0.959
1661338380,+3.50,+15.691, +5.612,+0.959
1661338980,+3.50,+15.691, +5.614,+0.959
1661339580,+3.50,+15.673, +5.621,+0.959
1661340180,+3.50,+15.691, +5.624,+0.959
1661340780,+3.50,+15.631, +5.644,+0.959
1661341380,+3.50,+15.622, +5.651,+0.959
1661341980,+3.50,+15.605, +5.660,+0.959
1661342580,+3.50,+15.579, +5.581,+0.959
1661343180,+3.50,+15.588, +5.513,+0.959
1661343780,+3.50,+15.639, +5.475,+0.959
1661344380,+3.50,+15.656, +5.456,+0.959
1661344980,+3.50,+15.699, +5.441,+0.959
1661345580,+3.50,+15.725, +5.416,+0.959
1661346180,+3.50,+15.785, +5.391,+0.959
1661346780,+3.50,+15.827, +5.397,+0.959
1661347380,+3.50,+15.887, +5.394,+0.959
1661347980,+3.50,+15.904, +5.403,+0.959
1661348580,+3.50,+15.981, +5.414,+0.959
1661349180,+3.50,+15.998, +5.457,+0.959
1661349780,+3.50,+16.049, +5.429,+0.958
1661350380,+3.50,+16.049, +5.427,+0.959
1661350980,+3.50,+16.066, +5.416,+0.959
1661351580,+3.50,+16.101, +5.410,+0.959
1661352180,+3.50,+16.109, +5.441,+0.959
1661352780,+3.50,+16.118, +5.455,+0.959
1661353380,+3.50,+16.109, +5.469,+0.959
1661353980,+3.50,+16.109, +5.536,+0.959
1661354580,+3.50,+16.126, +5.578,+0.959
1661355180,+3.50,+16.109, +5.638,+0.959
1661355780,+3.50,+16.101, +5.639,+0.958
1661356380,+3.50,+16.092, +5.633,+0.958
1661356980,+3.50,+16.092, +5.666,+0.958
1661357580,+3.50,+16.058, +5.681,+0.958
1661358180,+3.50,+16.066, +5.696,+0.958
1661358780,+3.50,+16.058, +5.735,+0.958
1661359380,+3.50,+16.015, +5.762,+0.958
1661359980,+3.50,+15.998, +5.746,+0.959
1661360580,+3.50,+15.990, +5.749,+0.958
1661361180,+3.50,+15.973, +5.743,+0.958
1661361780,+3.50,+15.973, +5.754,+0.959
1661362380,+3.50,+15.947, +5.772,+0.959
1661362980,+3.50,+15.904, +5.780,+0.959
1661363580,+3.50,+15.904, +5.771,+0.958
1661364180,+3.50,+15.879, +5.772,+0.958
1661364780,+3.50,+15.853, +5.775,+0.959
1661365380,+3.50,+15.844, +5.778,+0.958
1661365980,+3.50,+15.802, +5.798,+0.959
1661366580,+3.50,+15.810, +5.794,+0.958
1661367180,+3.50,+15.776, +5.790,+0.958
1661367780,+3.50,+15.793, +5.787,+0.959
1661368380,+3.50,+15.776, +5.792,+0.959
1661368980,+3.50,+15.759, +5.789,+0.958
1661369580,+3.50,+15.742, +5.795,+0.958
1661370180,+3.50,+15.742, +5.792,+0.959
1661370780,+3.50,+15.708, +5.791,+0.958
1661371380,+3.50,+15.699, +5.797,+0.959
1661371980,+3.50,+15.691, +5.777,+0.958
1661372580,+3.50,+15.656, +5.780,+0.959
1661373180,+3.50,+15.631, +5.770,+0.958
1661373780,+3.50,+15.614, +5.771,+0.959
1661374380,+3.50,+15.622, +5.693,+0.959
1661374980,+3.50,+15.588, +5.630,+0.959
1661375580,+3.50,+15.614, +5.611,+0.959
1661376180,+3.50,+15.622, +5.590,+0.959
1661376780,+3.50,+15.682, +5.564,+0.960
1661377380,+3.50,+15.708, +5.543,+0.959
1661377980,+3.50,+15.750, +5.529,+0.959
1661378580,+3.50,+15.827, +5.499,+0.959
1661379180,+3.50,+15.887, +5.488,+0.958
1661379780,+3.50,+15.913, +5.439,+0.959
1661380380,+3.50,+15.947, +5.416,+0.959
1661380980,+3.50,+15.981, +5.411,+0.959
1661381580,+3.50,+16.041, +5.421,+0.959
1661382180,+3.50,+16.058, +5.390,+0.958
1661382780,+3.50,+16.066, +5.397,+0.959
1661383380,+3.50,+16.092, +5.384,+0.959
