7450-929740
OS REV: 1.05 Sensor Cal: 1635261809
Time (sec),  BV (Volts),  T (deg C),  DO (mg/l),  Q ()
1656598980,+3.52,+20.893, +0.016,+0.942
1656599580,+3.52,+20.809, +0.016,+0.941
1656600180,+3.52,+20.734, +0.016,+0.942
1656600780,+3.52,+20.675, +0.016,+0.942
1656601380,+3.52,+20.575, +0.017,+0.942
1656601980,+3.52,+20.483, +0.017,+0.942
1656602580,+3.53,+20.424, +0.017,+0.942
1656603180,+3.53,+20.332, +0.017,+0.942
1656603780,+3.53,+20.266, +0.017,+0.942
1656604380,+3.53,+20.165, +0.017,+0.942
1656604980,+3.53,+20.081, +0.017,+0.942
1656605580,+3.52,+20.031, +0.017,+0.942
1656606180,+3.52,+19.981, +0.017,+0.942
1656606780,+3.52,+19.931, +0.017,+0.942
1656607380,+3.52,+19.897, +0.017,+0.942
1656607980,+3.52,+19.864, +0.017,+0.942
1656608580,+3.52,+19.889, +0.017,+0.942
1656609180,+3.52,+19.830, +0.017,+0.942
1656609780,+3.52,+19.772, +0.017,+0.942
1656610380,+3.52,+19.788, +0.017,+0.942
1656610980,+3.52,+19.780, +0.018,+0.942
1656611580,+3.52,+19.797, +0.017,+0.942
1656612180,+3.52,+19.797, +0.017,+0.942
1656612780,+3.52,+19.847, +0.017,+0.942
1656613380,+3.52,+19.839, +0.018,+0.942
1656613980,+3.52,+19.864, +0.017,+0.942
1656614580,+3.52,+19.881, +0.016,+0.942
1656615180,+3.52,+19.864, +0.017,+0.942
1656615780,+3.52,+19.872, +0.017,+0.942
1656616380,+3.52,+19.864, +0.017,+0.942
1656616980,+3.52,+19.839, +0.017,+0.942
1656617580,+3.52,+19.788, +0.017,+0.942
1656618180,+3.52,+19.772, +0.017,+0.942
1656618780,+3.52,+19.705, +0.018,+0.942
1656619380,+3.52,+19.638, +0.017,+0.942
1656619980,+3.52,+19.680, +0.018,+0.942
1656620580,+3.52,+19.688, +0.018,+0.942
1656621180,+3.52,+19.671, +0.017,+0.942
1656621780,+3.52,+19.680, +0.017,+0.942
1656622380,+3.52,+19.638, +0.017,+0.942
1656622980,+3.52,+19.629, +0.017,+0.942
1656623580,+3.52,+19.721, +0.017,+0.942
1656624180,+3.52,+19.738, +0.017,+0.942
1656624780,+3.52,+19.763, +0.017,+0.942
1656625380,+3.52,+19.780, +0.017,+0.942
1656625980,+3.52,+19.830, +0.017,+0.942
1656626580,+3.52,+19.872, +0.017,+0.942
1656627180,+3.52,+19.906, +0.017,+0.942
1656627780,+3.52,+19.889, +0.017,+0.942
1656628380,+3.52,+19.864, +0.017,+0.942
1656628980,+3.52,+19.822, +0.017,+0.942
1656629580,+3.52,+19.814, +0.017,+0.942
1656630180,+3.52,+19.763, +0.017,+0.942
1656630780,+3.52,+19.680, +0.017,+0.942
1656631380,+3.52,+19.663, +0.017,+0.942
1656631980,+3.52,+19.629, +0.017,+0.942
1656632580,+3.52,+19.680, +0.018,+0.942
1656633180,+3.52,+19.814, +0.017,+0.941
1656633780,+3.52,+19.721, +0.017,+0.942
1656634380,+3.52,+19.646, +0.018,+0.942
1656634980,+3.52,+19.629, +0.017,+0.942
1656635580,+3.52,+19.612, +0.018,+0.942
1656636180,+3.52,+19.646, +0.017,+0.942
1656636780,+3.52,+19.671, +0.017,+0.941
1656637380,+3.52,+19.688, +0.017,+0.941
1656637980,+3.52,+19.705, +0.017,+0.942
1656638580,+3.52,+19.721, +0.018,+0.941
1656639180,+3.52,+19.830, +0.017,+0.941
1656639780,+3.52,+19.864, +0.018,+0.941
1656640380,+3.52,+19.822, +0.017,+0.941
1656640980,+3.52,+19.939, +0.017,+0.941
1656641580,+3.52,+19.814, +0.016,+0.941
1656642180,+3.52,+19.671, +0.016,+0.941
1656642780,+3.52,+19.629, +0.016,+0.942
1656643380,+3.52,+19.612, +0.016,+0.942
1656643980,+3.52,+19.612, +0.016,+0.941
1656644580,+3.52,+19.612, +0.016,+0.941
1656645180,+3.52,+19.671, +0.016,+0.941
1656645780,+3.52,+19.705, +0.016,+0.941
1656646380,+3.52,+19.797, +0.016,+0.941
1656646980,+3.52,+19.914, +0.016,+0.941
1656647580,+3.52,+19.998, +0.015,+0.941
1656648180,+3.52,+20.081, +0.016,+0.941
1656648780,+3.52,+20.215, +0.016,+0.941
1656649380,+3.52,+20.291, +0.016,+0.941
1656649980,+3.52,+20.408, +0.015,+0.941
1656650580,+3.52,+20.525, +0.016,+0.941
1656651180,+3.52,+20.650, +0.015,+0.941
1656651780,+3.52,+20.792, +0.016,+0.941
1656652380,+3.52,+20.926, +0.015,+0.940
1656652980,+3.51,+21.051, +0.015,+0.940
1656653580,+3.52,+21.152, +0.015,+0.940
1656654180,+3.52,+21.285, +0.015,+0.940
1656654780,+3.52,+21.386, +0.015,+0.940
1656655380,+3.52,+21.469, +0.015,+0.940
1656655980,+3.52,+21.586, +0.015,+0.940
1656656580,+3.52,+21.653, +0.015,+0.940
1656657180,+3.52,+21.737, +0.015,+0.940
1656657780,+3.52,+21.820, +0.015,+0.940
1656658380,+3.51,+21.895, +0.015,+0.940
1656658980,+3.51,+21.946, +0.015,+0.940
1656659580,+3.51,+22.004, +0.015,+0.940
1656660180,+3.51,+22.096, +0.015,+0.940
1656660780,+3.51,+22.154, +0.015,+0.940
1656661380,+3.52,+22.179, +0.016,+0.940
1656661980,+3.52,+22.255, +0.015,+0.939
1656662580,+3.52,+22.296, +0.016,+0.939
1656663180,+3.52,+22.330, +0.015,+0.939
1656663780,+3.52,+22.347, +0.015,+0.940
1656664380,+3.52,+22.397, +0.015,+0.939
1656664980,+3.52,+22.413, +0.015,+0.939
1656665580,+3.52,+22.430, +0.015,+0.939
1656666180,+3.52,+22.438, +0.015,+0.939
1656666780,+3.52,+22.447, +0.015,+0.939
1656667380,+3.52,+22.455, +0.015,+0.939
1656667980,+3.52,+22.472, +0.015,+0.939
1656668580,+3.52,+22.497, +0.015,+0.939
1656669180,+3.52,+22.514, +0.015,+0.939
1656669780,+3.52,+22.564, +0.015,+0.939
1656670380,+3.52,+22.706, +0.015,+0.939
1656670980,+3.52,+22.790, +0.016,+0.939
1656671580,+3.52,+22.815, +0.015,+0.939
1656672180,+3.52,+22.806, +0.015,+0.939
1656672780,+3.52,+22.764, +0.016,+0.939
1656673380,+3.52,+22.723, +0.016,+0.939
1656673980,+3.52,+22.664, +0.016,+0.939
1656674580,+3.52,+22.572, +0.016,+0.939
1656675180,+3.52,+22.497, +0.016,+0.939
1656675780,+3.52,+22.405, +0.016,+0.940
1656676380,+3.52,+22.305, +0.016,+0.940
1656676980,+3.52,+22.213, +0.016,+0.940
1656677580,+3.52,+22.104, +0.016,+0.940
1656678180,+3.52,+22.021, +0.016,+0.940
1656678780,+3.52,+21.895, +0.016,+0.940
1656679380,+3.52,+21.803, +0.016,+0.940
1656679980,+3.52,+21.712, +0.016,+0.940
1656680580,+3.52,+21.603, +0.016,+0.940
1656681180,+3.52,+21.519, +0.016,+0.940
1656681780,+3.52,+21.428, +0.016,+0.940
1656682380,+3.52,+21.344, +0.016,+0.940
1656682980,+3.52,+21.244, +0.016,+0.941
1656683580,+3.52,+21.152, +0.017,+0.941
1656684180,+3.52,+21.068, +0.016,+0.941
1656684780,+3.52,+20.968, +0.016,+0.941
1656685380,+3.52,+20.926, +0.017,+0.941
