7450-931334
OS REV: 1.05 Sensor Cal: 1635271019
Time (sec),  BV (Volts),  T (deg C),  DO (mg/l),  Q ()
1659312000,+3.54,+25.419,+11.987,+0.947
1659312600,+3.54,+25.436,+12.398,+0.948
1659313200,+3.54,+25.469,+12.905,+0.948
1659313800,+3.54,+25.478,+12.859,+0.949
1659314400,+3.54,+25.495,+12.761,+0.948
1659315000,+3.54,+25.503,+12.636,+0.949
1659315600,+3.54,+25.495,+12.517,+0.948
1659316200,+3.54,+25.469,+12.443,+0.948
1659316800,+3.54,+25.478,+12.278,+0.948
1659317400,+3.54,+25.461,+12.229,+0.948
1659318000,+3.54,+25.461,+12.274,+0.947
1659318600,+3.54,+25.427,+11.487,+0.948
1659319200,+3.54,+25.419,+10.744,+0.947
1659319800,+3.54,+25.377, +6.699,+0.946
1659320400,+3.54,+25.402, +5.065,+0.946
1659321000,+3.54,+25.402, +4.585,+0.945
1659321600,+3.54,+25.385, +3.494,+0.945
1659322200,+3.54,+25.377, +2.880,+0.943
1659322800,+3.54,+25.377, +1.445,+0.939
1659323400,+3.54,+25.368, +1.546,+0.940
1659324000,+3.54,+25.335, +3.408,+0.944
1659324600,+3.54,+25.318, +3.258,+0.943
1659325200,+3.54,+25.309, +3.202,+0.946
1659325800,+3.54,+25.301, +2.823,+0.944
1659326400,+3.54,+25.318, +1.444,+0.940
1659327000,+3.54,+25.284, +1.215,+0.940
1659327600,+3.54,+25.284, +2.620,+0.945
1659328200,+3.54,+25.284, +1.388,+0.941
1659328800,+3.54,+25.267, +1.017,+0.940
1659329400,+3.54,+25.250, +0.881,+0.938
1659330000,+3.54,+25.234, +0.899,+0.940
1659330600,+3.54,+25.242, +0.818,+0.938
1659331200,+3.54,+25.234, +0.254,+0.930
1659331800,+3.54,+25.242, +0.244,+0.931
1659332400,+3.54,+25.225, +2.077,+0.947
1659333000,+3.54,+25.217, +3.302,+0.948
1659333600,+3.54,+25.200, +3.559,+0.948
1659334200,+3.54,+25.166, +3.373,+0.948
1659334800,+3.54,+25.200, +2.861,+0.947
1659335400,+3.54,+25.208, +1.639,+0.944
1659336000,+3.54,+25.225, +0.956,+0.942
1659336600,+3.54,+25.225, +2.092,+0.948
1659337200,+3.54,+25.200, +1.856,+0.946
1659337800,+3.54,+25.200, +1.003,+0.942
1659338400,+3.54,+25.175, +1.132,+0.944
1659339000,+3.54,+25.183, +0.379,+0.934
1659339600,+3.54,+25.192, +0.044,+0.927
1659340200,+3.54,+25.183, +0.046,+0.927
1659340800,+3.54,+25.183, +0.046,+0.927
1659341400,+3.54,+25.183, +0.044,+0.927
1659342000,+3.54,+25.183, +0.574,+0.938
1659342600,+3.54,+25.175, +0.318,+0.933
1659343200,+3.54,+25.183, +0.699,+0.939
1659343800,+3.54,+25.133, +0.164,+0.930
1659344400,+3.54,+25.158, +0.042,+0.927
1659345000,+3.54,+25.175, +0.870,+0.942
1659345600,+3.54,+25.192, +0.178,+0.931
1659346200,+3.54,+25.175, +0.037,+0.927
1659346800,+3.54,+25.158, +0.050,+0.928
1659347400,+3.54,+25.150, +0.039,+0.927
1659348000,+3.54,+25.208, +5.533,+0.948
1659348600,+3.54,+25.217, +9.957,+0.949
1659349200,+3.54,+25.242,+10.970,+0.948
1659349800,+3.54,+25.242,+11.485,+0.948
1659350400,+3.54,+25.259,+11.520,+0.947
1659351000,+3.54,+25.259,+11.625,+0.948
1659351600,+3.54,+25.267,+11.689,+0.948
1659352200,+3.54,+25.259,+11.766,+0.948
1659352800,+3.54,+25.276,+11.914,+0.948
1659353400,+3.54,+25.301,+11.831,+0.947
1659354000,+3.54,+25.301,+12.031,+0.947
1659354600,+3.54,+25.343,+12.207,+0.948
1659355200,+3.54,+25.343,+12.355,+0.948
1659355800,+3.54,+25.343,+12.445,+0.948
1659356400,+3.54,+25.326,+12.075,+0.948
1659357000,+3.54,+25.352,+11.926,+0.948
1659357600,+3.54,+25.326,+11.901,+0.948
1659358200,+3.54,+25.318,+11.722,+0.948
1659358800,+3.54,+25.335,+12.454,+0.947
1659359400,+3.54,+25.343,+12.667,+0.948
1659360000,+3.54,+25.368,+12.873,+0.949
1659360600,+3.54,+25.394,+12.962,+0.950
1659361200,+3.54,+25.385,+12.920,+0.948
1659361800,+3.54,+25.410,+12.769,+0.947
1659362400,+3.54,+25.419,+12.948,+0.949
1659363000,+3.54,+25.410,+12.984,+0.949
1659363600,+3.54,+25.410,+13.059,+0.948
1659364200,+3.54,+25.419,+12.676,+0.948
1659364800,+3.54,+25.410,+12.871,+0.948
1659365400,+3.54,+25.402,+13.191,+0.948
1659366000,+3.54,+25.394,+13.042,+0.949
1659366600,+3.54,+25.394,+12.811,+0.947
1659367200,+3.54,+25.402,+13.063,+0.948
1659367800,+3.54,+25.419,+11.787,+0.948
1659368400,+3.54,+25.453,+12.464,+0.948
1659369000,+3.54,+25.461,+12.821,+0.948
1659369600,+3.54,+25.461,+12.986,+0.948
1659370200,+3.54,+25.453,+12.981,+0.948
1659370800,+3.54,+25.461,+13.313,+0.949
1659371400,+3.54,+25.486,+13.084,+0.949
1659372000,+3.54,+25.469,+13.175,+0.949
1659372600,+3.54,+25.478,+13.176,+0.948
1659373200,+3.54,+25.478,+13.235,+0.948
1659373800,+3.54,+25.469,+13.095,+0.949
1659374400,+3.54,+25.486,+13.465,+0.950
1659375000,+3.54,+25.469,+13.724,+0.950
1659375600,+3.54,+25.503,+13.085,+0.949
1659376200,+3.54,+25.528,+13.356,+0.949
1659376800,+3.54,+25.537,+13.505,+0.949
1659377400,+3.54,+25.528,+12.665,+0.948
1659378000,+3.54,+25.495,+12.227,+0.947
1659378600,+3.54,+25.495,+12.375,+0.948
1659379200,+3.54,+25.478,+12.116,+0.948
1659379800,+3.54,+25.461,+12.201,+0.948
1659380400,+3.54,+25.469,+13.246,+0.949
1659381000,+3.54,+25.436,+12.301,+0.948
1659381600,+3.54,+25.461,+12.650,+0.948
1659382200,+3.54,+25.461,+13.473,+0.949
1659382800,+3.54,+25.469,+13.534,+0.948
1659383400,+3.54,+25.495,+13.680,+0.951
1659384000,+3.54,+25.520,+13.446,+0.950
1659384600,+3.54,+25.528,+13.530,+0.949
1659385200,+3.54,+25.528,+13.606,+0.949
1659385800,+3.54,+25.503,+13.327,+0.948
1659386400,+3.54,+25.503,+13.131,+0.949
1659387000,+3.54,+25.495,+12.724,+0.948
1659387600,+3.54,+25.469,+12.329,+0.947
1659388200,+3.54,+25.486,+12.565,+0.949
1659388800,+3.54,+25.461,+12.824,+0.949
1659389400,+3.54,+25.486,+13.012,+0.948
1659390000,+3.54,+25.503,+13.369,+0.949
1659390600,+3.54,+25.545,+13.037,+0.948
1659391200,+3.54,+25.537,+13.329,+0.948
1659391800,+3.54,+25.537,+13.037,+0.949
1659392400,+3.54,+25.528,+13.148,+0.949
1659393000,+3.54,+25.537,+13.043,+0.949
1659393600,+3.54,+25.528,+13.045,+0.950
1659394200,+3.54,+25.520,+12.860,+0.948
1659394800,+3.54,+25.503,+11.699,+0.947
1659395400,+3.54,+25.528,+12.057,+0.948
1659396000,+3.54,+25.478,+11.515,+0.947
1659396600,+3.54,+25.478,+11.947,+0.948
1659397200,+3.54,+25.478,+12.067,+0.947
1659397800,+3.54,+25.444,+12.337,+0.948
1659398400,+3.54,+25.469,+12.112,+0.948
