7450-931334
OS REV: 1.05 Sensor Cal: 1635271019
Time (sec),  BV (Volts),  T (deg C),  DO (mg/l),  Q ()
1658094000,+3.54,+25.436,+15.881,+0.950
1658094600,+3.54,+25.419,+16.897,+0.950
1658095200,+3.54,+25.427,+15.905,+0.950
1658095800,+3.54,+25.419,+16.701,+0.951
1658096400,+3.54,+25.444,+16.466,+0.951
1658097000,+3.54,+25.427,+16.149,+0.950
1658097600,+3.54,+25.469,+16.759,+0.950
1658098200,+3.54,+25.469,+17.257,+0.951
1658098800,+3.54,+25.469,+16.272,+0.950
1658099400,+3.54,+25.436,+14.782,+0.949
1658100000,+3.54,+25.444,+15.299,+0.949
1658100600,+3.54,+25.444,+14.611,+0.949
1658101200,+3.54,+25.436,+15.265,+0.949
1658101800,+3.54,+25.444,+15.708,+0.950
1658102400,+3.54,+25.478,+15.970,+0.949
1658103000,+3.54,+25.486,+16.107,+0.950
1658103600,+3.54,+25.478,+15.880,+0.950
1658104200,+3.54,+25.495,+14.841,+0.949
1658104800,+3.54,+25.503,+14.776,+0.949
1658105400,+3.54,+25.478,+14.648,+0.949
1658106000,+3.54,+25.478,+14.677,+0.949
1658106600,+3.54,+25.444,+13.733,+0.948
1658107200,+3.54,+25.436,+13.429,+0.948
1658107800,+3.54,+25.478,+14.108,+0.949
1658108400,+3.55,+25.495,+14.598,+0.948
1658109000,+3.54,+25.486,+14.972,+0.950
1658109600,+3.54,+25.461,+12.713,+0.947
1658110200,+3.54,+25.436, +9.702,+0.945
1658110800,+3.54,+25.419, +9.173,+0.944
1658111400,+3.54,+25.427, +8.982,+0.945
1658112000,+3.54,+25.419, +8.479,+0.944
1658112600,+3.54,+25.385, +9.011,+0.944
1658113200,+3.54,+25.368, +8.246,+0.944
1658113800,+3.54,+25.335, +8.657,+0.945
1658114400,+3.54,+25.352, +8.040,+0.944
1658115000,+3.54,+25.352, +7.951,+0.944
1658115600,+3.54,+25.360, +8.719,+0.944
1658116200,+3.54,+25.318, +8.624,+0.944
1658116800,+3.54,+25.326, +8.227,+0.944
1658117400,+3.54,+25.309, +7.709,+0.944
1658118000,+3.54,+25.293, +7.598,+0.944
1658118600,+3.54,+25.284, +7.164,+0.944
1658119200,+3.54,+25.276, +6.286,+0.944
1658119800,+3.54,+25.293, +5.526,+0.944
1658120400,+3.54,+25.276, +7.966,+0.944
1658121000,+3.54,+25.301, +8.332,+0.945
1658121600,+3.54,+25.267, +8.085,+0.944
1658122200,+3.54,+25.250, +8.486,+0.945
1658122800,+3.54,+25.242, +8.920,+0.945
1658123400,+3.54,+25.217, +8.967,+0.945
1658124000,+3.54,+25.250, +8.007,+0.944
1658124600,+3.54,+25.259, +6.441,+0.943
1658125200,+3.54,+25.259, +7.333,+0.945
1658125800,+3.54,+25.250, +8.510,+0.945
1658126400,+3.54,+25.267, +8.332,+0.945
1658127000,+3.54,+25.234, +8.228,+0.945
1658127600,+3.54,+25.259, +7.429,+0.944
1658128200,+3.54,+25.242, +7.163,+0.944
1658128800,+3.54,+25.208, +7.636,+0.944
1658129400,+3.54,+25.225, +6.999,+0.944
1658130000,+3.54,+25.242, +7.064,+0.944
1658130600,+3.54,+25.242, +6.987,+0.944
1658131200,+3.54,+25.217, +7.672,+0.945
1658131800,+3.54,+25.208, +7.906,+0.945
1658132400,+3.54,+25.200, +7.279,+0.944
1658133000,+3.54,+25.208, +7.005,+0.943
1658133600,+3.54,+25.192, +6.100,+0.944
1658134200,+3.54,+25.217, +5.902,+0.944
1658134800,+3.54,+25.234, +7.537,+0.945
1658135400,+3.54,+25.208, +7.956,+0.945
1658136000,+3.54,+25.200, +7.994,+0.945
1658136600,+3.54,+25.192, +7.914,+0.945
1658137200,+3.54,+25.175, +8.154,+0.945
1658137800,+3.54,+25.183, +7.055,+0.943
1658138400,+3.54,+25.259, +9.433,+0.946
1658139000,+3.54,+25.276,+11.682,+0.947
1658139600,+3.54,+25.276,+12.637,+0.947
1658140200,+3.54,+25.318,+13.428,+0.948
1658140800,+3.54,+25.293,+14.126,+0.949
1658141400,+3.54,+25.318,+14.313,+0.947
1658142000,+3.54,+25.318,+14.705,+0.948
1658142600,+3.54,+25.309,+15.076,+0.949
1658143200,+3.54,+25.301,+15.415,+0.949
1658143800,+3.54,+25.318,+15.327,+0.950
1658144400,+3.54,+25.377,+15.117,+0.949
1658145000,+3.54,+25.352,+13.479,+0.947
1658145600,+3.54,+25.326,+13.079,+0.947
1658146200,+3.54,+25.326,+13.035,+0.947
1658146800,+3.54,+25.335,+12.995,+0.947
1658147400,+3.54,+25.326,+13.023,+0.947
1658148000,+3.54,+25.360,+13.379,+0.947
1658148600,+3.54,+25.343,+13.548,+0.947
1658149200,+3.54,+25.360,+13.871,+0.947
1658149800,+3.54,+25.335,+13.316,+0.946
1658150400,+3.54,+25.385,+14.692,+0.948
1658151000,+3.54,+25.419,+15.010,+0.949
1658151600,+3.54,+25.444,+15.602,+0.948
1658152200,+3.54,+25.453,+15.808,+0.950
1658152800,+3.54,+25.444,+15.696,+0.949
1658153400,+3.54,+25.419,+13.198,+0.947
1658154000,+3.54,+25.402,+13.976,+0.946
1658154600,+3.54,+25.402,+14.830,+0.949
1658155200,+3.54,+25.427,+15.714,+0.950
1658155800,+3.54,+25.360,+14.631,+0.949
1658156400,+3.54,+25.385,+14.873,+0.948
1658157000,+3.54,+25.402,+15.679,+0.949
1658157600,+3.54,+25.427,+16.097,+0.950
1658158200,+3.54,+25.436,+15.305,+0.949
1658158800,+3.54,+25.410,+14.703,+0.949
1658159400,+3.54,+25.419,+14.407,+0.948
1658160000,+3.54,+25.419,+14.581,+0.949
1658160600,+3.54,+25.419,+14.920,+0.949
1658161200,+3.54,+25.427,+14.652,+0.949
1658161800,+3.54,+25.410,+14.588,+0.948
1658162400,+3.54,+25.453,+15.420,+0.949
1658163000,+3.54,+25.461,+16.833,+0.952
1658163600,+3.54,+25.461,+17.500,+0.951
1658164200,+3.54,+25.478,+17.130,+0.951
1658164800,+3.54,+25.478,+16.556,+0.952
1658165400,+3.54,+25.461,+16.399,+0.951
1658166000,+3.54,+25.444,+15.898,+0.949
1658166600,+3.54,+25.444,+15.970,+0.949
1658167200,+3.54,+25.436,+15.851,+0.950
1658167800,+3.54,+25.368,+14.402,+0.948
1658168400,+3.54,+25.419,+15.252,+0.949
1658169000,+3.54,+25.436,+17.023,+0.952
1658169600,+3.54,+25.436,+16.768,+0.952
1658170200,+3.54,+25.436,+17.185,+0.951
1658170800,+3.54,+25.444,+17.337,+0.951
1658171400,+3.54,+25.478,+17.402,+0.951
1658172000,+3.55,+25.469,+17.767,+0.952
1658172600,+3.54,+25.453,+15.924,+0.948
1658173200,+3.54,+25.427,+15.619,+0.950
1658173800,+3.54,+25.436,+15.332,+0.949
1658174400,+3.54,+25.453,+15.395,+0.950
1658175000,+3.54,+25.436,+15.331,+0.950
1658175600,+3.54,+25.402,+15.140,+0.950
1658176200,+3.54,+25.461,+16.137,+0.949
1658176800,+3.54,+25.453,+16.593,+0.950
1658177400,+3.54,+25.486,+17.087,+0.952
1658178000,+3.54,+25.503,+16.913,+0.950
1658178600,+3.54,+25.503,+17.062,+0.951
1658179200,+3.55,+25.478,+15.839,+0.950
1658179800,+3.54,+25.469,+14.717,+0.947
1658180400,+3.54,+25.461,+14.692,+0.949
