7450-931334
OS REV: 1.05 Sensor Cal: 1635271019
Time (sec),  BV (Volts),  T (deg C),  DO (mg/l),  Q ()
1657311000,+3.54,+25.436, +8.287,+0.950
1657311600,+3.54,+25.453, +8.347,+0.950
1657312200,+3.54,+25.486, +8.410,+0.950
1657312800,+3.55,+25.495, +8.317,+0.950
1657313400,+3.55,+25.486, +8.339,+0.949
1657314000,+3.55,+25.461, +8.403,+0.950
1657314600,+3.55,+25.503, +8.314,+0.949
1657315200,+3.55,+25.486, +8.414,+0.950
1657315800,+3.54,+25.486, +8.385,+0.949
1657316400,+3.55,+25.453, +8.465,+0.949
1657317000,+3.55,+25.478, +8.376,+0.950
1657317600,+3.55,+25.486, +8.413,+0.950
1657318200,+3.55,+25.495, +8.420,+0.950
1657318800,+3.55,+25.503, +8.337,+0.949
1657319400,+3.55,+25.520, +8.339,+0.950
1657320000,+3.55,+25.528, +8.276,+0.950
1657320600,+3.55,+25.528, +8.391,+0.949
1657321200,+3.55,+25.537, +8.488,+0.950
1657321800,+3.55,+25.512, +8.438,+0.950
1657322400,+3.55,+25.537, +8.460,+0.950
1657323000,+3.55,+25.520, +8.472,+0.950
1657323600,+3.55,+25.503, +8.526,+0.949
1657324200,+3.55,+25.486, +8.500,+0.950
1657324800,+3.55,+25.520, +8.507,+0.950
1657325400,+3.55,+25.495, +8.537,+0.950
1657326000,+3.54,+25.512, +8.514,+0.950
1657326600,+3.55,+25.537, +8.456,+0.949
1657327200,+3.55,+25.554, +8.417,+0.950
1657327800,+3.55,+25.562, +8.337,+0.950
1657328400,+3.55,+25.554, +8.437,+0.950
1657329000,+3.55,+25.554, +8.390,+0.950
1657329600,+3.55,+25.545, +8.504,+0.949
1657330200,+3.55,+25.528, +8.550,+0.950
1657330800,+3.55,+25.528, +8.505,+0.950
1657331400,+3.55,+25.478, +8.543,+0.949
1657332000,+3.54,+25.486, +8.482,+0.950
1657332600,+3.54,+25.444, +8.276,+0.949
1657333200,+3.54,+25.453, +7.937,+0.949
1657333800,+3.54,+25.419, +8.219,+0.950
1657334400,+3.54,+25.419, +8.249,+0.949
1657335000,+3.54,+25.394, +8.206,+0.949
1657335600,+3.54,+25.394, +8.174,+0.949
1657336200,+3.54,+25.377, +8.180,+0.950
1657336800,+3.54,+25.335, +8.201,+0.949
1657337400,+3.54,+25.335, +8.109,+0.949
1657338000,+3.54,+25.326, +7.924,+0.950
1657338600,+3.54,+25.318, +7.693,+0.949
1657339200,+3.54,+25.293, +8.188,+0.949
1657339800,+3.54,+25.284, +8.231,+0.950
1657340400,+3.54,+25.301, +8.044,+0.950
1657341000,+3.54,+25.293, +8.092,+0.950
1657341600,+3.54,+25.284, +8.027,+0.949
1657342200,+3.54,+25.250, +7.716,+0.950
1657342800,+3.54,+25.242, +7.675,+0.950
1657343400,+3.54,+25.259, +7.951,+0.949
1657344000,+3.54,+25.242, +8.150,+0.949
1657344600,+3.54,+25.242, +8.132,+0.949
1657345200,+3.54,+25.225, +8.139,+0.949
1657345800,+3.54,+25.208, +8.030,+0.949
1657346400,+3.54,+25.217, +8.041,+0.950
1657347000,+3.54,+25.225, +7.841,+0.950
1657347600,+3.54,+25.208, +8.010,+0.950
1657348200,+3.54,+25.208, +8.102,+0.950
1657348800,+3.54,+25.200, +8.123,+0.950
1657349400,+3.54,+25.192, +8.068,+0.949
1657350000,+3.54,+25.192, +8.053,+0.950
1657350600,+3.54,+25.183, +7.866,+0.949
1657351200,+3.54,+25.183, +7.743,+0.950
1657351800,+3.54,+25.183, +7.863,+0.950
1657352400,+3.54,+25.158, +8.072,+0.950
1657353000,+3.54,+25.141, +8.092,+0.949
1657353600,+3.54,+25.133, +8.116,+0.949
1657354200,+3.54,+25.150, +7.952,+0.950
1657354800,+3.54,+25.133, +7.945,+0.950
1657355400,+3.54,+25.166, +7.775,+0.950
1657356000,+3.54,+25.150, +7.941,+0.950
1657356600,+3.54,+25.141, +8.011,+0.950
1657357200,+3.54,+25.133, +7.940,+0.949
1657357800,+3.54,+25.124, +7.913,+0.949
1657358400,+3.54,+25.116, +7.902,+0.949
1657359000,+3.54,+25.133, +7.531,+0.949
1657359600,+3.54,+25.141, +7.720,+0.949
1657360200,+3.54,+25.133, +7.897,+0.950
1657360800,+3.54,+25.175, +8.025,+0.949
1657361400,+3.54,+25.183, +8.033,+0.950
1657362000,+3.54,+25.183, +8.106,+0.949
1657362600,+3.54,+25.200, +8.197,+0.950
1657363200,+3.54,+25.225, +8.170,+0.950
1657363800,+3.54,+25.225, +8.153,+0.950
1657364400,+3.54,+25.208, +8.272,+0.949
1657365000,+3.54,+25.217, +8.209,+0.949
1657365600,+3.54,+25.234, +8.190,+0.949
1657366200,+3.54,+25.234, +8.185,+0.949
1657366800,+3.54,+25.259, +8.260,+0.949
1657367400,+3.54,+25.242, +8.296,+0.950
1657368000,+3.54,+25.267, +8.298,+0.949
1657368600,+3.54,+25.267, +8.215,+0.950
1657369200,+3.54,+25.318, +8.260,+0.950
1657369800,+3.54,+25.326, +8.159,+0.949
1657370400,+3.54,+25.343, +8.182,+0.950
1657371000,+3.54,+25.326, +8.133,+0.949
1657371600,+3.54,+25.326, +8.261,+0.949
1657372200,+3.54,+25.335, +8.236,+0.949
1657372800,+3.54,+25.335, +8.318,+0.949
1657373400,+3.54,+25.343, +8.205,+0.950
1657374000,+3.54,+25.301, +8.285,+0.949
1657374600,+3.54,+25.309, +8.365,+0.949
1657375200,+3.54,+25.301, +8.360,+0.949
1657375800,+3.54,+25.326, +8.301,+0.949
1657376400,+3.54,+25.309, +8.387,+0.950
1657377000,+3.54,+25.301, +8.396,+0.950
1657377600,+3.54,+25.293, +8.324,+0.950
1657378200,+3.54,+25.318, +8.389,+0.949
1657378800,+3.54,+25.335, +8.409,+0.950
1657379400,+3.54,+25.368, +8.329,+0.950
1657380000,+3.54,+25.402, +8.346,+0.949
1657380600,+3.54,+25.402, +8.281,+0.950
1657381200,+3.54,+25.427, +8.281,+0.950
1657381800,+3.54,+25.436, +8.329,+0.950
1657382400,+3.54,+25.394, +8.324,+0.950
1657383000,+3.54,+25.394, +8.410,+0.949
1657383600,+3.54,+25.402, +8.396,+0.949
1657384200,+3.54,+25.385, +8.381,+0.949
1657384800,+3.54,+25.385, +8.457,+0.949
1657385400,+3.54,+25.410, +8.358,+0.949
1657386000,+3.54,+25.402, +8.379,+0.950
1657386600,+3.54,+25.402, +8.434,+0.950
1657387200,+3.54,+25.436, +8.441,+0.949
1657387800,+3.54,+25.402, +8.466,+0.950
1657388400,+3.54,+25.419, +8.477,+0.950
1657389000,+3.54,+25.402, +8.473,+0.949
1657389600,+3.54,+25.419, +8.551,+0.950
1657390200,+3.54,+25.377, +8.479,+0.950
1657390800,+3.54,+25.436, +8.535,+0.950
1657391400,+3.54,+25.419, +8.324,+0.949
1657392000,+3.54,+25.394, +8.466,+0.949
1657392600,+3.54,+25.402, +8.512,+0.949
1657393200,+3.54,+25.419, +8.502,+0.950
1657393800,+3.54,+25.410, +8.528,+0.949
1657394400,+3.54,+25.444, +8.607,+0.950
1657395000,+3.54,+25.444, +8.543,+0.950
1657395600,+3.54,+25.436, +8.549,+0.949
1657396200,+3.54,+25.427, +8.566,+0.949
1657396800,+3.55,+25.453, +8.652,+0.950
1657397400,+3.54,+25.469, +8.625,+0.950
