7450-931334
OS REV: 1.05 Sensor Cal: 1635271019
Time (sec),  BV (Volts),  T (deg C),  DO (mg/l),  Q ()
1658181000,+3.54,+25.453,+14.753,+0.948
1658181600,+3.54,+25.436,+15.282,+0.949
1658182200,+3.54,+25.461,+15.948,+0.949
1658182800,+3.54,+25.453,+16.223,+0.951
1658183400,+3.54,+25.461,+16.558,+0.950
1658184000,+3.54,+25.478,+16.969,+0.951
1658184600,+3.54,+25.486,+17.197,+0.952
1658185200,+3.54,+25.503,+16.637,+0.951
1658185800,+3.54,+25.469,+15.964,+0.951
1658186400,+3.54,+25.495,+15.911,+0.950
1658187000,+3.55,+25.503,+16.216,+0.950
1658187600,+3.54,+25.495,+16.016,+0.950
1658188200,+3.54,+25.503,+16.849,+0.951
1658188800,+3.55,+25.486,+16.766,+0.951
1658189400,+3.54,+25.478,+15.572,+0.949
1658190000,+3.54,+25.461,+15.844,+0.949
1658190600,+3.54,+25.478,+16.470,+0.951
1658191200,+3.54,+25.503,+15.962,+0.949
1658191800,+3.54,+25.503,+15.392,+0.950
1658192400,+3.55,+25.503,+16.020,+0.951
1658193000,+3.54,+25.512,+16.241,+0.951
1658193600,+3.54,+25.503,+15.069,+0.948
1658194200,+3.54,+25.486,+14.676,+0.948
1658194800,+3.54,+25.495,+14.396,+0.949
1658195400,+3.54,+25.453,+14.292,+0.949
1658196000,+3.54,+25.453,+13.407,+0.947
1658196600,+3.54,+25.427, +9.942,+0.944
1658197200,+3.54,+25.410, +8.200,+0.944
1658197800,+3.54,+25.394, +8.488,+0.944
1658198400,+3.54,+25.385, +8.457,+0.944
1658199000,+3.54,+25.377, +7.881,+0.943
1658199600,+3.54,+25.377, +6.794,+0.944
1658200200,+3.54,+25.293, +8.025,+0.944
1658200800,+3.54,+25.326, +7.180,+0.944
1658201400,+3.54,+25.309, +7.671,+0.944
1658202000,+3.54,+25.301, +8.003,+0.944
1658202600,+3.54,+25.276, +8.390,+0.944
1658203200,+3.54,+25.284, +8.327,+0.944
1658203800,+3.54,+25.293, +7.765,+0.944
1658204400,+3.54,+25.293, +7.385,+0.944
1658205000,+3.54,+25.293, +7.118,+0.944
1658205600,+3.54,+25.267, +7.683,+0.944
1658206200,+3.54,+25.259, +6.529,+0.943
1658206800,+3.54,+25.276, +5.843,+0.944
1658207400,+3.54,+25.267, +7.206,+0.945
1658208000,+3.54,+25.259, +7.601,+0.945
1658208600,+3.54,+25.250, +7.148,+0.944
1658209200,+3.54,+25.234, +7.315,+0.945
1658209800,+3.54,+25.225, +7.141,+0.944
1658210400,+3.54,+25.234, +6.396,+0.944
1658211000,+3.54,+25.250, +6.443,+0.945
1658211600,+3.54,+25.217, +7.734,+0.945
1658212200,+3.54,+25.234, +7.568,+0.944
1658212800,+3.54,+25.217, +7.425,+0.945
1658213400,+3.54,+25.183, +7.831,+0.945
1658214000,+3.54,+25.200, +7.585,+0.944
1658214600,+3.54,+25.200, +6.398,+0.944
1658215200,+3.54,+25.208, +6.951,+0.944
1658215800,+3.54,+25.208, +7.652,+0.945
1658216400,+3.54,+25.234, +7.414,+0.944
1658217000,+3.54,+25.208, +7.126,+0.944
1658217600,+3.54,+25.200, +7.184,+0.945
1658218200,+3.54,+25.200, +6.681,+0.944
1658218800,+3.54,+25.183, +5.429,+0.943
1658219400,+3.54,+25.183, +5.828,+0.944
1658220000,+3.54,+25.208, +5.960,+0.944
1658220600,+3.54,+25.200, +7.032,+0.945
1658221200,+3.54,+25.183, +7.300,+0.945
1658221800,+3.54,+25.175, +6.923,+0.944
1658222400,+3.54,+25.183, +6.386,+0.945
1658223000,+3.54,+25.158, +6.101,+0.943
1658223600,+3.54,+25.166, +5.815,+0.944
1658224200,+3.54,+25.158, +6.826,+0.944
1658224800,+3.54,+25.200,+10.631,+0.945
1658225400,+3.54,+25.217,+12.221,+0.947
1658226000,+3.54,+25.225,+13.005,+0.947
1658226600,+3.54,+25.200,+13.470,+0.948
1658227200,+3.54,+25.234,+13.735,+0.947
1658227800,+3.54,+25.225,+14.166,+0.948
1658228400,+3.54,+25.250,+14.544,+0.948
1658229000,+3.54,+25.276,+15.106,+0.950
1658229600,+3.54,+25.276,+15.350,+0.949
1658230200,+3.54,+25.284,+15.512,+0.949
1658230800,+3.54,+25.267,+15.195,+0.948
1658231400,+3.54,+25.259,+15.118,+0.949
1658232000,+3.54,+25.267,+15.382,+0.949
1658232600,+3.54,+25.276,+15.964,+0.949
1658233200,+3.54,+25.301,+15.533,+0.949
1658233800,+3.54,+25.352,+15.477,+0.950
1658234400,+3.54,+25.377,+16.194,+0.949
1658235000,+3.54,+25.394,+16.167,+0.950
1658235600,+3.54,+25.368,+14.957,+0.948
1658236200,+3.54,+25.360,+14.482,+0.949
1658236800,+3.54,+25.368,+14.753,+0.948
1658237400,+3.54,+25.394,+15.008,+0.949
1658238000,+3.54,+25.368,+15.389,+0.950
1658238600,+3.54,+25.343,+15.657,+0.949
1658239200,+3.54,+25.360,+15.444,+0.950
1658239800,+3.54,+25.377,+16.230,+0.950
1658240400,+3.54,+25.394,+16.212,+0.950
1658241000,+3.54,+25.385,+16.011,+0.949
1658241600,+3.54,+25.377,+15.938,+0.950
1658242200,+3.54,+25.377,+16.262,+0.950
1658242800,+3.54,+25.385,+16.025,+0.950
1658243400,+3.54,+25.352,+15.484,+0.950
1658244000,+3.54,+25.352,+15.317,+0.948
1658244600,+3.54,+25.343,+14.390,+0.948
1658245200,+3.54,+25.368,+14.156,+0.948
1658245800,+3.54,+25.385,+14.239,+0.947
1658246400,+3.54,+25.394,+14.806,+0.949
1658247000,+3.54,+25.419,+15.556,+0.951
1658247600,+3.54,+25.410,+15.522,+0.950
1658248200,+3.54,+25.360,+14.014,+0.948
1658248800,+3.54,+25.360,+13.912,+0.948
1658249400,+3.54,+25.343,+13.984,+0.948
1658250000,+3.54,+25.368,+15.146,+0.949
1658250600,+3.54,+25.360,+15.340,+0.950
1658251200,+3.54,+25.360,+13.779,+0.948
1658251800,+3.54,+25.352,+13.918,+0.947
1658252400,+3.54,+25.343,+13.889,+0.948
1658253000,+3.54,+25.293,+12.895,+0.946
1658253600,+3.54,+25.259,+13.762,+0.947
1658254200,+3.54,+25.250,+15.367,+0.949
1658254800,+3.54,+25.250,+15.925,+0.949
1658255400,+3.54,+25.242,+16.295,+0.950
1658256000,+3.54,+25.267,+16.460,+0.950
1658256600,+3.54,+25.293,+17.015,+0.952
1658257200,+3.54,+25.318,+17.387,+0.952
1658257800,+3.54,+25.326,+16.570,+0.951
1658258400,+3.54,+25.335,+16.829,+0.951
1658259000,+3.54,+25.360,+16.857,+0.951
1658259600,+3.54,+25.352,+17.274,+0.952
1658260200,+3.54,+25.360,+16.829,+0.951
1658260800,+3.54,+25.335,+16.463,+0.951
1658261400,+3.54,+25.343,+16.864,+0.952
1658262000,+3.54,+25.352,+16.765,+0.951
1658262600,+3.54,+25.368,+16.420,+0.950
1658263200,+3.54,+25.385,+16.415,+0.951
1658263800,+3.54,+25.402,+16.116,+0.951
1658264400,+3.54,+25.377,+17.119,+0.952
1658265000,+3.54,+25.377,+16.476,+0.951
1658265600,+3.54,+25.394,+16.284,+0.950
1658266200,+3.54,+25.368,+16.793,+0.951
1658266800,+3.54,+25.368,+16.845,+0.952
1658267400,+3.54,+25.385,+17.267,+0.951
