7450-923654
OS REV: 1.05 Sensor Cal: 1635264732
Time (sec),  BV (Volts),  T (deg C),  DO (mg/l),  Q ()
1659122160,+3.53,+21.302,+19.520,+0.938
1659122760,+3.53,+21.286,+20.562,+0.939
1659123360,+3.53,+21.261,+21.348,+0.939
1659123960,+3.53,+21.236,+21.240,+0.938
1659124560,+3.53,+21.236,+21.032,+0.940
1659125160,+3.53,+21.185,+20.932,+0.938
1659125760,+3.53,+21.169,+21.012,+0.937
1659126360,+3.53,+21.135,+21.302,+0.938
1659126960,+3.52,+21.102,+20.998,+0.940
1659127560,+3.52,+21.093,+19.775,+0.940
1659128160,+3.52,+21.110,+19.517,+0.939
1659128760,+3.52,+21.110,+19.461,+0.940
1659129360,+3.53,+21.152,+19.414,+0.938
1659129960,+3.53,+21.185,+18.899,+0.939
1659130560,+3.53,+21.227,+19.114,+0.939
1659131160,+3.53,+21.244,+19.112,+0.940
1659131760,+3.53,+21.236,+19.315,+0.938
1659132360,+3.53,+21.236,+19.453,+0.940
1659132960,+3.53,+21.269,+19.813,+0.942
1659133560,+3.53,+21.252,+20.780,+0.942
1659134160,+3.53,+21.244,+21.955,+0.942
1659134760,+3.53,+21.219,+21.839,+0.942
1659135360,+3.53,+21.177,+20.977,+0.941
1659135960,+3.53,+21.169,+20.105,+0.942
1659136560,+3.53,+21.202,+20.025,+0.941
1659137160,+3.53,+21.211,+19.913,+0.942
1659137760,+3.53,+21.236,+19.788,+0.942
1659138360,+3.53,+21.269,+19.701,+0.940
1659138960,+3.53,+21.286,+19.355,+0.940
1659139560,+3.53,+21.319,+19.711,+0.942
1659140160,+3.53,+21.319,+19.548,+0.941
1659140760,+3.53,+21.328,+19.296,+0.943
1659141360,+3.53,+21.311,+19.138,+0.941
1659141960,+3.53,+21.319,+19.256,+0.940
1659142560,+3.53,+21.294,+19.782,+0.940
1659143160,+3.53,+21.286,+19.742,+0.941
1659143760,+3.53,+21.252,+19.221,+0.942
1659144360,+3.53,+21.236,+18.854,+0.942
1659144960,+3.53,+21.211,+18.814,+0.939
1659145560,+3.53,+21.177,+18.140,+0.940
1659146160,+3.53,+21.202,+18.092,+0.940
1659146760,+3.53,+21.135,+16.310,+0.942
1659147360,+3.53,+21.127,+15.050,+0.940
1659147960,+3.53,+21.144,+14.407,+0.938
1659148560,+3.53,+21.144,+13.896,+0.940
1659149160,+3.53,+21.152,+13.844,+0.940
1659149760,+3.53,+21.152,+13.366,+0.939
1659150360,+3.53,+21.160,+13.221,+0.939
1659150960,+3.53,+21.160,+12.670,+0.939
1659151560,+3.53,+21.160,+12.420,+0.940
1659152160,+3.53,+21.169,+11.725,+0.939
1659152760,+3.53,+21.135,+11.142,+0.939
1659153360,+3.53,+21.119,+10.745,+0.938
1659153960,+3.52,+21.093,+10.161,+0.939
1659154560,+3.52,+21.060, +9.893,+0.938
1659155160,+3.52,+21.035, +9.661,+0.937
1659155760,+3.52,+21.018, +9.008,+0.937
1659156360,+3.52,+21.002, +8.889,+0.936
1659156960,+3.52,+20.993, +8.816,+0.937
1659157560,+3.52,+20.993,+10.227,+0.936
1659158160,+3.52,+20.993,+11.289,+0.937
1659158760,+3.52,+21.002,+11.641,+0.938
1659159360,+3.52,+21.027,+11.775,+0.938
1659159960,+3.52,+21.027,+11.544,+0.938
1659160560,+3.52,+21.052,+11.443,+0.938
1659161160,+3.52,+21.068,+11.209,+0.938
1659161760,+3.52,+21.085,+11.183,+0.937
1659162360,+3.52,+21.110,+11.134,+0.937
1659162960,+3.53,+21.119,+11.042,+0.938
1659163560,+3.52,+21.135,+10.688,+0.938
1659164160,+3.52,+21.144,+10.693,+0.938
1659164760,+3.53,+21.144,+10.633,+0.938
1659165360,+3.53,+21.127,+10.371,+0.938
1659165960,+3.52,+21.127, +9.894,+0.938
1659166560,+3.52,+21.102, +9.739,+0.939
1659167160,+3.52,+21.060, +9.219,+0.938
1659167760,+3.52,+21.035, +9.142,+0.938
1659168360,+3.52,+21.002, +8.967,+0.938
1659168960,+3.52,+20.993, +8.370,+0.938
1659169560,+3.52,+20.985, +8.025,+0.937
1659170160,+3.52,+20.968, +7.625,+0.937
1659170760,+3.52,+20.976, +8.294,+0.937
1659171360,+3.52,+20.960, +9.344,+0.938
1659171960,+3.52,+20.985, +9.930,+0.939
1659172560,+3.52,+20.985,+10.004,+0.938
1659173160,+3.52,+20.976,+10.011,+0.939
1659173760,+3.52,+21.027, +9.745,+0.938
1659174360,+3.52,+21.018, +9.643,+0.939
1659174960,+3.53,+21.127,+11.253,+0.939
1659175560,+3.53,+21.135,+12.916,+0.939
1659176160,+3.53,+21.177,+13.847,+0.939
1659176760,+3.53,+21.211,+14.539,+0.939
1659177360,+3.53,+21.236,+15.100,+0.939
1659177960,+3.53,+21.277,+15.635,+0.938
1659178560,+3.53,+21.294,+16.175,+0.939
1659179160,+3.53,+21.286,+16.863,+0.940
1659179760,+3.53,+21.277,+17.291,+0.940
1659180360,+3.53,+21.269,+17.790,+0.941
1659180960,+3.53,+21.269,+18.718,+0.940
1659181560,+3.53,+21.244,+19.396,+0.940
1659182160,+3.53,+21.211,+19.644,+0.940
1659182760,+3.53,+21.194,+19.306,+0.940
1659183360,+3.53,+21.144,+19.315,+0.940
1659183960,+3.53,+21.152,+19.542,+0.940
1659184560,+3.52,+21.093,+18.723,+0.939
1659185160,+3.52,+21.110,+18.806,+0.939
1659185760,+3.53,+21.135,+19.319,+0.940
1659186360,+3.53,+21.144,+19.171,+0.940
1659186960,+3.53,+21.169,+19.142,+0.940
1659187560,+3.53,+21.219,+19.115,+0.938
1659188160,+3.53,+21.219,+19.121,+0.939
1659188760,+3.53,+21.252,+19.534,+0.940
1659189360,+3.53,+21.252,+19.446,+0.940
1659189960,+3.53,+21.236,+19.281,+0.940
1659190560,+3.53,+21.261,+19.027,+0.940
1659191160,+3.53,+21.252,+19.262,+0.939
1659191760,+3.53,+21.236,+19.788,+0.939
1659192360,+3.53,+21.211,+20.924,+0.940
1659192960,+3.53,+21.194,+21.451,+0.940
1659193560,+3.53,+21.169,+21.147,+0.942
1659194160,+3.53,+21.144,+21.296,+0.940
1659194760,+3.53,+21.127,+22.026,+0.942
1659195360,+3.52,+21.102,+21.183,+0.942
1659195960,+3.52,+21.102,+20.735,+0.941
1659196560,+3.53,+21.119,+21.154,+0.942
1659197160,+3.53,+21.135,+21.196,+0.942
1659197760,+3.53,+21.177,+20.773,+0.940
1659198360,+3.53,+21.194,+20.885,+0.939
1659198960,+3.53,+21.236,+20.888,+0.942
1659199560,+3.53,+21.261,+20.541,+0.940
1659200160,+3.53,+21.277,+20.838,+0.942
1659200760,+3.53,+21.261,+20.423,+0.939
1659201360,+3.53,+21.277,+20.272,+0.942
1659201960,+3.53,+21.269,+20.279,+0.942
1659202560,+3.53,+21.244,+20.989,+0.942
1659203160,+3.53,+21.244,+21.210,+0.941
1659203760,+3.53,+21.227,+20.752,+0.939
1659204360,+3.53,+21.211,+21.402,+0.939
1659204960,+3.53,+21.169,+20.853,+0.937
1659205560,+3.53,+21.169,+19.624,+0.939
1659206160,+3.53,+21.169,+20.002,+0.940
1659206760,+3.53,+21.185,+20.018,+0.941
1659207360,+3.53,+21.194,+20.220,+0.939
1659207960,+3.53,+21.211,+20.255,+0.940
1659208560,+3.53,+21.252,+19.912,+0.938
