7450-923654
OS REV: 1.05 Sensor Cal: 1635264732
Time (sec),  BV (Volts),  T (deg C),  DO (mg/l),  Q ()
1657208160,+3.53,+21.185,+10.010,+0.939
1657208760,+3.53,+21.194,+10.020,+0.940
1657209360,+3.53,+21.244,+10.021,+0.940
1657209960,+3.53,+21.261,+10.038,+0.940
1657210560,+3.53,+21.294,+10.047,+0.939
1657211160,+3.53,+21.311,+10.060,+0.940
1657211760,+3.53,+21.311,+10.078,+0.940
1657212360,+3.53,+21.311,+10.005,+0.939
1657212960,+3.53,+21.311, +9.993,+0.940
1657213560,+3.53,+21.302,+10.031,+0.940
1657214160,+3.53,+21.286,+10.051,+0.940
1657214760,+3.53,+21.269,+10.081,+0.941
1657215360,+3.53,+21.244,+10.119,+0.940
1657215960,+3.53,+21.227,+10.171,+0.940
1657216560,+3.53,+21.202,+10.221,+0.939
1657217160,+3.53,+21.219,+10.333,+0.940
1657217760,+3.53,+21.244,+10.327,+0.941
1657218360,+3.53,+21.277,+10.337,+0.939
1657218960,+3.53,+21.319,+10.310,+0.940
1657219560,+3.53,+21.344,+10.330,+0.940
1657220160,+3.53,+21.336,+10.363,+0.940
1657220760,+3.53,+21.344,+10.339,+0.940
1657221360,+3.53,+21.353,+10.335,+0.940
1657221960,+3.53,+21.336,+10.330,+0.940
1657222560,+3.53,+21.319,+10.371,+0.940
1657223160,+3.53,+21.311,+10.415,+0.941
1657223760,+3.53,+21.277,+10.400,+0.940
1657224360,+3.53,+21.269,+10.413,+0.939
1657224960,+3.53,+21.261,+10.475,+0.939
1657225560,+3.53,+21.219,+10.566,+0.939
1657226160,+3.53,+21.236,+10.604,+0.940
1657226760,+3.53,+21.252,+10.652,+0.940
1657227360,+3.53,+21.294,+10.644,+0.939
1657227960,+3.53,+21.328,+10.692,+0.939
1657228560,+3.53,+21.353,+10.667,+0.939
1657229160,+3.53,+21.361,+10.717,+0.940
1657229760,+3.53,+21.361,+10.715,+0.939
1657230360,+3.53,+21.353,+10.705,+0.940
1657230960,+3.53,+21.361,+10.724,+0.940
1657231560,+3.53,+21.319,+10.771,+0.940
1657232160,+3.53,+21.328,+10.733,+0.939
1657232760,+3.53,+21.311,+10.731,+0.940
1657233360,+3.53,+21.252,+10.766,+0.940
1657233960,+3.53,+21.227,+10.863,+0.941
1657234560,+3.53,+21.244,+10.905,+0.940
1657235160,+3.53,+21.269,+10.874,+0.940
1657235760,+3.53,+21.302,+10.951,+0.939
1657236360,+3.53,+21.328,+10.951,+0.940
1657236960,+3.53,+21.344,+10.925,+0.939
1657237560,+3.53,+21.369,+10.991,+0.940
1657238160,+3.53,+21.353,+11.039,+0.940
1657238760,+3.53,+21.344,+10.980,+0.939
1657239360,+3.53,+21.344,+10.983,+0.940
1657239960,+3.53,+21.336,+11.024,+0.940
1657240560,+3.53,+21.328,+11.012,+0.940
1657241160,+3.53,+21.294,+11.049,+0.940
1657241760,+3.53,+21.252,+11.098,+0.940
1657242360,+3.53,+21.269,+11.142,+0.939
1657242960,+3.53,+21.286,+11.125,+0.940
1657243560,+3.53,+21.302,+11.167,+0.940
1657244160,+3.53,+21.344,+11.162,+0.939
1657244760,+3.53,+21.361,+11.144,+0.939
1657245360,+3.53,+21.394,+11.209,+0.939
1657245960,+3.53,+21.336,+10.856,+0.940
1657246560,+3.53,+21.319,+10.478,+0.939
1657247160,+3.53,+21.302,+10.306,+0.940
1657247760,+3.53,+21.269,+10.183,+0.939
1657248360,+3.53,+21.227,+10.216,+0.940
1657248960,+3.53,+21.194,+10.232,+0.940
1657249560,+3.53,+21.185,+10.171,+0.940
1657250160,+3.53,+21.169,+10.113,+0.939
1657250760,+3.53,+21.144,+10.063,+0.940
1657251360,+3.53,+21.127,+10.009,+0.940
1657251960,+3.53,+21.119,+10.001,+0.941
1657252560,+3.53,+21.119, +9.991,+0.940
1657253160,+3.53,+21.135, +9.950,+0.940
1657253760,+3.53,+21.135, +9.916,+0.939
1657254360,+3.53,+21.160, +9.918,+0.940
1657254960,+3.53,+21.194, +9.889,+0.940
1657255560,+3.53,+21.194, +9.824,+0.939
1657256160,+3.53,+21.177, +9.777,+0.940
1657256760,+3.53,+21.202, +9.855,+0.939
1657257360,+3.53,+21.185, +9.944,+0.939
1657257960,+3.53,+21.169, +9.912,+0.940
1657258560,+3.53,+21.160, +9.952,+0.939
1657259160,+3.53,+21.135, +9.973,+0.940
1657259760,+3.53,+21.119, +9.969,+0.940
1657260360,+3.52,+21.093, +9.947,+0.940
1657260960,+3.53,+21.085, +9.906,+0.939
1657261560,+3.52,+21.068, +9.900,+0.940
1657262160,+3.52,+21.043, +9.947,+0.940
1657262760,+3.52,+21.043,+10.245,+0.940
1657263360,+3.52,+21.052,+10.278,+0.939
1657263960,+3.52,+21.077,+10.119,+0.940
1657264560,+3.53,+21.085, +9.999,+0.940
1657265160,+3.53,+21.110, +9.920,+0.940
1657265760,+3.53,+21.127, +9.935,+0.939
1657266360,+3.53,+21.160, +9.910,+0.940
1657266960,+3.53,+21.177, +9.857,+0.939
1657267560,+3.53,+21.177, +9.767,+0.940
1657268160,+3.53,+21.194, +9.620,+0.940
1657268760,+3.53,+21.160, +9.526,+0.940
1657269360,+3.53,+21.169, +9.574,+0.940
1657269960,+3.53,+21.135, +9.687,+0.941
1657270560,+3.53,+21.110, +9.823,+0.939
1657271160,+3.53,+21.085, +9.884,+0.940
1657271760,+3.52,+21.085, +9.874,+0.939
1657272360,+3.52,+21.060, +9.882,+0.940
1657272960,+3.52,+21.052, +9.841,+0.940
1657273560,+3.52,+21.035, +9.805,+0.940
1657274160,+3.53,+21.093,+10.221,+0.940
1657274760,+3.53,+21.119,+10.625,+0.940
1657275360,+3.53,+21.144,+10.767,+0.940
1657275960,+3.53,+21.169,+10.792,+0.940
1657276560,+3.53,+21.202,+10.874,+0.940
1657277160,+3.53,+21.244,+10.946,+0.940
1657277760,+3.53,+21.261,+10.943,+0.940
1657278360,+3.53,+21.277,+11.021,+0.940
1657278960,+3.53,+21.294,+11.067,+0.940
1657279560,+3.53,+21.319,+11.027,+0.941
1657280160,+3.53,+21.311,+11.022,+0.939
1657280760,+3.53,+21.302,+11.088,+0.940
1657281360,+3.53,+21.286,+11.061,+0.939
1657281960,+3.53,+21.277,+11.062,+0.940
1657282560,+3.53,+21.252,+11.045,+0.940
1657283160,+3.53,+21.219,+11.063,+0.939
1657283760,+3.53,+21.185,+11.097,+0.939
1657284360,+3.53,+21.144,+11.152,+0.940
1657284960,+3.53,+21.152,+11.187,+0.939
1657285560,+3.53,+21.177,+11.260,+0.940
1657286160,+3.53,+21.177,+11.304,+0.940
1657286760,+3.53,+21.227,+11.271,+0.939
1657287360,+3.53,+21.244,+11.290,+0.940
1657287960,+3.53,+21.286,+11.278,+0.939
1657288560,+3.53,+21.294,+11.316,+0.939
1657289160,+3.53,+21.302,+11.384,+0.940
1657289760,+3.53,+21.294,+11.372,+0.939
1657290360,+3.53,+21.311,+11.386,+0.939
1657290960,+3.53,+21.286,+11.428,+0.940
1657291560,+3.53,+21.252,+11.423,+0.940
1657292160,+3.53,+21.244,+11.417,+0.941
1657292760,+3.53,+21.227,+11.414,+0.940
1657293360,+3.53,+21.202,+11.469,+0.940
1657293960,+3.53,+21.185,+11.454,+0.940
1657294560,+3.53,+21.185,+11.554,+0.939
