7450-923654
OS REV: 1.05 Sensor Cal: 1635264732
Time (sec),  BV (Volts),  T (deg C),  DO (mg/l),  Q ()
1659209160,+3.53,+21.286,+19.967,+0.939
1659209760,+3.53,+21.302,+20.064,+0.937
1659210360,+3.53,+21.302,+20.718,+0.941
1659210960,+3.53,+21.302,+20.437,+0.939
1659211560,+3.53,+21.294,+20.444,+0.941
1659212160,+3.53,+21.311,+20.711,+0.939
1659212760,+3.53,+21.302,+21.265,+0.939
1659213360,+3.53,+21.286,+21.528,+0.939
1659213960,+3.53,+21.252,+21.113,+0.938
1659214560,+3.53,+21.236,+21.391,+0.939
1659215160,+3.53,+21.194,+20.907,+0.938
1659215760,+3.53,+21.194,+20.897,+0.938
1659216360,+3.53,+21.169,+20.844,+0.937
1659216960,+3.52,+21.144,+20.198,+0.937
1659217560,+3.53,+21.135,+19.864,+0.938
1659218160,+3.53,+21.169,+20.136,+0.939
1659218760,+3.53,+21.202,+20.088,+0.939
1659219360,+3.53,+21.185,+19.983,+0.940
1659219960,+3.53,+21.244,+19.908,+0.939
1659220560,+3.53,+21.261,+19.632,+0.940
1659221160,+3.53,+21.286,+19.640,+0.940
1659221760,+3.53,+21.302,+19.805,+0.938
1659222360,+3.53,+21.294,+19.943,+0.939
1659222960,+3.53,+21.302,+19.687,+0.940
1659223560,+3.53,+21.277,+20.066,+0.938
1659224160,+3.53,+21.294,+20.702,+0.940
1659224760,+3.53,+21.252,+20.947,+0.940
1659225360,+3.53,+21.227,+20.701,+0.941
1659225960,+3.53,+21.219,+21.158,+0.940
1659226560,+3.53,+21.211,+20.959,+0.941
1659227160,+3.53,+21.169,+20.956,+0.940
1659227760,+3.53,+21.144,+19.760,+0.940
1659228360,+3.53,+21.160,+19.755,+0.941
1659228960,+3.53,+21.152,+20.383,+0.942
1659229560,+3.53,+21.194,+20.270,+0.942
1659230160,+3.53,+21.211,+19.922,+0.941
1659230760,+3.53,+21.236,+19.851,+0.941
1659231360,+3.53,+21.277,+19.941,+0.941
1659231960,+3.53,+21.286,+20.092,+0.943
1659232560,+3.53,+21.302,+19.830,+0.940
1659233160,+3.53,+21.236,+17.919,+0.942
1659233760,+3.53,+21.219,+16.190,+0.939
1659234360,+3.53,+21.194,+15.231,+0.941
1659234960,+3.53,+21.177,+14.250,+0.940
1659235560,+3.53,+21.135,+13.232,+0.941
1659236160,+3.52,+21.110,+12.439,+0.940
1659236760,+3.52,+21.085,+11.737,+0.938
1659237360,+3.52,+21.077,+11.068,+0.938
1659237960,+3.52,+21.052,+10.420,+0.939
1659238560,+3.52,+21.027,+10.043,+0.938
1659239160,+3.52,+21.027, +9.656,+0.939
1659239760,+3.52,+21.018,+10.153,+0.939
1659240360,+3.52,+21.018,+10.733,+0.939
1659240960,+3.52,+21.035,+10.755,+0.939
1659241560,+3.52,+21.043,+10.555,+0.939
1659242160,+3.52,+21.077,+10.304,+0.938
1659242760,+3.52,+21.085,+10.020,+0.939
1659243360,+3.53,+21.119, +9.964,+0.938
1659243960,+3.53,+21.144, +9.706,+0.939
1659244560,+3.53,+21.152, +9.437,+0.939
1659245160,+3.53,+21.160, +9.479,+0.939
1659245760,+3.53,+21.169, +9.955,+0.938
1659246360,+3.53,+21.135, +9.515,+0.938
1659246960,+3.53,+21.135, +9.005,+0.938
1659247560,+3.52,+21.110, +8.530,+0.939
1659248160,+3.52,+21.085, +8.064,+0.939
1659248760,+3.52,+21.077, +7.611,+0.938
1659249360,+3.52,+21.018, +7.196,+0.938
1659249960,+3.52,+21.027, +6.864,+0.939
1659250560,+3.52,+21.002, +6.728,+0.939
1659251160,+3.52,+20.993, +6.483,+0.939
1659251760,+3.52,+20.968, +8.182,+0.938
1659252360,+3.52,+20.985, +9.582,+0.938
1659252960,+3.52,+21.002,+10.102,+0.937
1659253560,+3.52,+21.018,+10.270,+0.939
1659254160,+3.52,+21.002,+10.024,+0.939
1659254760,+3.52,+21.035, +9.780,+0.940
1659255360,+3.52,+21.043, +9.475,+0.939
1659255960,+3.52,+21.085, +9.182,+0.938
1659256560,+3.52,+21.085, +8.912,+0.939
1659257160,+3.52,+21.127, +8.658,+0.939
1659257760,+3.52,+21.127, +8.430,+0.939
1659258360,+3.53,+21.152, +8.189,+0.939
1659258960,+3.53,+21.177, +7.982,+0.939
1659259560,+3.53,+21.185, +7.719,+0.939
1659260160,+3.53,+21.177, +7.539,+0.939
1659260760,+3.53,+21.185, +7.756,+0.938
1659261360,+3.53,+21.269, +9.386,+0.939
1659261960,+3.53,+21.244,+12.483,+0.939
1659262560,+3.53,+21.227,+14.629,+0.940
1659263160,+3.53,+21.211,+15.769,+0.938
1659263760,+3.53,+21.169,+16.501,+0.939
1659264360,+3.53,+21.185,+17.049,+0.940
1659264960,+3.53,+21.194,+17.709,+0.940
1659265560,+3.53,+21.219,+18.074,+0.939
1659266160,+3.53,+21.219,+18.512,+0.942
1659266760,+3.53,+21.252,+18.560,+0.939
1659267360,+3.53,+21.277,+18.890,+0.940
1659267960,+3.53,+21.277,+19.672,+0.941
1659268560,+3.53,+21.311,+19.367,+0.941
1659269160,+3.53,+21.294,+19.805,+0.941
1659269760,+3.53,+21.302,+20.521,+0.941
1659270360,+3.53,+21.286,+20.791,+0.941
1659270960,+3.53,+21.277,+20.940,+0.940
1659271560,+3.53,+21.252,+21.503,+0.941
1659272160,+3.53,+21.219,+21.307,+0.940
1659272760,+3.53,+21.194,+21.319,+0.941
1659273360,+3.53,+21.152,+21.489,+0.942
1659273960,+3.53,+21.119,+21.087,+0.940
1659274560,+3.52,+21.102,+20.516,+0.940
1659275160,+3.53,+21.119,+20.043,+0.940
1659275760,+3.52,+21.127,+20.141,+0.941
1659276360,+3.52,+21.160,+20.020,+0.938
1659276960,+3.53,+21.177,+19.839,+0.940
1659277560,+3.53,+21.202,+19.736,+0.938
1659278160,+3.53,+21.244,+19.769,+0.940
1659278760,+3.53,+21.252,+19.560,+0.940
1659279360,+3.53,+21.261,+20.500,+0.938
1659279960,+3.53,+21.261,+20.010,+0.938
1659280560,+3.53,+21.294,+19.840,+0.938
1659281160,+3.53,+21.252,+20.777,+0.940
1659281760,+3.53,+21.244,+21.358,+0.939
1659282360,+3.53,+21.227,+21.891,+0.940
1659282960,+3.53,+21.202,+22.028,+0.939
1659283560,+3.53,+21.177,+21.911,+0.939
1659284160,+3.53,+21.144,+21.882,+0.939
1659284760,+3.53,+21.127,+21.342,+0.939
1659285360,+3.53,+21.119,+20.508,+0.940
1659285960,+3.53,+21.127,+20.642,+0.939
1659286560,+3.53,+21.152,+20.838,+0.939
1659287160,+3.53,+21.160,+20.634,+0.941
1659287760,+3.53,+21.177,+20.318,+0.940
1659288360,+3.53,+21.227,+19.867,+0.938
1659288960,+3.53,+21.244,+20.462,+0.939
1659289560,+3.53,+21.277,+20.738,+0.940
1659290160,+3.53,+21.302,+20.534,+0.938
1659290760,+3.53,+21.302,+20.522,+0.939
1659291360,+3.53,+21.302,+20.766,+0.938
1659291960,+3.53,+21.311,+20.897,+0.938
1659292560,+3.53,+21.286,+22.549,+0.940
1659293160,+3.53,+21.277,+23.091,+0.941
1659293760,+3.53,+21.261,+23.171,+0.940
1659294360,+3.53,+21.227,+23.151,+0.940
1659294960,+3.53,+21.194,+23.395,+0.942
1659295560,+3.53,+21.152,+23.698,+0.943
