7450-923654
OS REV: 1.05 Sensor Cal: 1635264732
Time (sec),  BV (Volts),  T (deg C),  DO (mg/l),  Q ()
1660688160,+3.53,+21.302, +9.309,+0.943
1660688760,+3.53,+21.261, +9.328,+0.942
1660689360,+3.53,+21.244, +9.330,+0.943
1660689960,+3.53,+21.219, +9.333,+0.942
1660690560,+3.53,+21.185, +9.316,+0.941
1660691160,+3.53,+21.177, +9.342,+0.942
1660691760,+3.53,+21.177, +9.402,+0.942
1660692360,+3.53,+21.185, +9.366,+0.942
1660692960,+3.53,+21.202, +9.345,+0.943
1660693560,+3.53,+21.236, +9.302,+0.942
1660694160,+3.53,+21.252, +9.284,+0.941
1660694760,+3.53,+21.286, +9.333,+0.942
1660695360,+3.53,+21.277, +9.352,+0.942
1660695960,+3.53,+21.311, +9.379,+0.942
1660696560,+3.53,+21.361, +9.375,+0.943
1660697160,+3.53,+21.361, +9.316,+0.942
1660697760,+3.53,+21.378, +9.322,+0.942
1660698360,+3.53,+21.378, +9.310,+0.942
1660698960,+3.53,+21.378, +9.322,+0.942
1660699560,+3.53,+21.353, +9.259,+0.942
1660700160,+3.53,+21.336, +9.239,+0.942
1660700760,+3.53,+21.269, +9.287,+0.941
1660701360,+3.53,+21.244, +9.316,+0.942
1660701960,+3.53,+21.152, +8.508,+0.942
1660702560,+3.52,+21.135, +8.119,+0.942
1660703160,+3.52,+21.119, +7.853,+0.943
1660703760,+3.52,+21.102, +7.602,+0.943
1660704360,+3.52,+21.085, +7.737,+0.942
1660704960,+3.52,+21.085, +7.638,+0.942
1660705560,+3.52,+21.060, +7.465,+0.943
1660706160,+3.52,+21.068, +7.520,+0.942
1660706760,+3.52,+21.060, +7.955,+0.942
1660707360,+3.52,+21.068, +7.849,+0.942
1660707960,+3.52,+21.043, +7.885,+0.943
1660708560,+3.52,+21.035, +7.815,+0.942
1660709160,+3.52,+21.035, +7.822,+0.942
1660709760,+3.52,+21.018, +7.830,+0.942
1660710360,+3.52,+21.018, +7.712,+0.942
1660710960,+3.52,+21.010, +7.615,+0.942
1660711560,+3.52,+21.018, +7.817,+0.942
1660712160,+3.52,+20.993, +7.702,+0.942
1660712760,+3.52,+21.010, +7.702,+0.942
1660713360,+3.52,+20.976, +7.761,+0.942
1660713960,+3.52,+21.002, +7.711,+0.942
1660714560,+3.52,+20.993, +7.692,+0.942
1660715160,+3.52,+21.010, +7.641,+0.942
1660715760,+3.52,+20.993, +7.621,+0.942
1660716360,+3.52,+20.993, +7.573,+0.942
1660716960,+3.52,+21.010, +7.526,+0.943
1660717560,+3.52,+21.002, +7.550,+0.943
1660718160,+3.52,+21.027, +7.533,+0.942
1660718760,+3.52,+21.002, +7.493,+0.942
1660719360,+3.52,+21.002, +7.416,+0.942
1660719960,+3.52,+21.018, +7.465,+0.942
1660720560,+3.52,+21.027, +7.361,+0.942
1660721160,+3.52,+21.018, +7.567,+0.943
1660721760,+3.52,+21.035, +7.523,+0.942
1660722360,+3.52,+21.035, +7.611,+0.942
1660722960,+3.52,+21.027, +7.518,+0.943
1660723560,+3.52,+21.027, +7.505,+0.943
1660724160,+3.52,+21.027, +7.624,+0.942
1660724760,+3.52,+21.035, +7.460,+0.943
1660725360,+3.52,+21.043, +7.458,+0.942
1660725960,+3.52,+21.043, +7.476,+0.943
1660726560,+3.52,+21.018, +7.468,+0.942
1660727160,+3.52,+21.043, +7.486,+0.942
1660727760,+3.52,+21.027, +7.302,+0.943
1660728360,+3.52,+21.035, +7.300,+0.943
1660728960,+3.52,+21.035, +7.313,+0.942
1660729560,+3.52,+21.060, +7.343,+0.943
1660730160,+3.52,+21.093, +8.053,+0.943
1660730760,+3.53,+21.119, +8.444,+0.942
1660731360,+3.52,+21.135, +8.531,+0.942
1660731960,+3.53,+21.135, +8.618,+0.942
1660732560,+3.53,+21.160, +8.613,+0.943
1660733160,+3.53,+21.194, +8.635,+0.942
1660733760,+3.53,+21.227, +8.638,+0.942
1660734360,+3.53,+21.244, +8.642,+0.942
1660734960,+3.53,+21.261, +8.657,+0.943
1660735560,+3.53,+21.286, +8.641,+0.942
1660736160,+3.53,+21.286, +8.669,+0.942
1660736760,+3.53,+21.286, +8.766,+0.942
1660737360,+3.53,+21.269, +8.687,+0.943
1660737960,+3.53,+21.252, +8.723,+0.943
1660738560,+3.53,+21.219, +8.728,+0.943
1660739160,+3.53,+21.169, +8.699,+0.942
1660739760,+3.53,+21.160, +8.704,+0.942
1660740360,+3.52,+21.127, +8.765,+0.942
1660740960,+3.52,+21.102, +8.784,+0.942
1660741560,+3.52,+21.119, +8.847,+0.942
1660742160,+3.52,+21.135, +8.803,+0.942
1660742760,+3.53,+21.152, +8.788,+0.942
1660743360,+3.53,+21.177, +8.905,+0.942
1660743960,+3.53,+21.211, +8.912,+0.942
1660744560,+3.53,+21.219, +8.921,+0.942
1660745160,+3.53,+21.244, +8.863,+0.942
1660745760,+3.53,+21.269, +8.898,+0.942
1660746360,+3.53,+21.277, +8.961,+0.942
1660746960,+3.53,+21.302, +8.951,+0.942
1660747560,+3.53,+21.311, +8.983,+0.942
1660748160,+3.53,+21.311, +8.989,+0.942
1660748760,+3.53,+21.302, +9.064,+0.942
1660749360,+3.53,+21.277, +9.060,+0.942
1660749960,+3.53,+21.252, +9.057,+0.942
1660750560,+3.53,+21.227, +9.082,+0.942
1660751160,+3.53,+21.185, +9.129,+0.942
1660751760,+3.53,+21.177, +9.123,+0.942
1660752360,+3.53,+21.177, +9.166,+0.942
1660752960,+3.53,+21.144, +9.276,+0.942
1660753560,+3.53,+21.177, +9.248,+0.942
1660754160,+3.53,+21.169, +9.324,+0.942
1660754760,+3.53,+21.169, +9.276,+0.942
1660755360,+3.53,+21.194, +9.255,+0.942
1660755960,+3.53,+21.194, +9.242,+0.942
1660756560,+3.53,+21.202, +9.290,+0.942
1660757160,+3.53,+21.211, +9.320,+0.942
1660757760,+3.53,+21.236, +9.360,+0.942
1660758360,+3.53,+21.244, +9.318,+0.942
1660758960,+3.53,+21.261, +9.253,+0.942
1660759560,+3.53,+21.294, +9.267,+0.943
1660760160,+3.53,+21.294, +9.269,+0.943
1660760760,+3.53,+21.336, +9.332,+0.942
1660761360,+3.53,+21.328, +9.338,+0.942
1660761960,+3.53,+21.328, +9.435,+0.942
1660762560,+3.53,+21.311, +9.451,+0.943
1660763160,+3.53,+21.294, +9.424,+0.942
1660763760,+3.53,+21.261, +9.399,+0.942
1660764360,+3.53,+21.227, +9.385,+0.942
1660764960,+3.53,+21.227, +9.440,+0.942
1660765560,+3.53,+21.185, +9.407,+0.942
1660766160,+3.53,+21.185, +9.526,+0.943
1660766760,+3.53,+21.169, +9.592,+0.942
1660767360,+3.53,+21.185, +9.554,+0.942
1660767960,+3.53,+21.185, +9.651,+0.942
1660768560,+3.53,+21.211, +9.555,+0.942
1660769160,+3.53,+21.194, +9.623,+0.942
1660769760,+3.53,+21.202, +9.589,+0.942
1660770360,+3.53,+21.211, +9.652,+0.942
1660770960,+3.53,+21.227, +9.579,+0.942
1660771560,+3.53,+21.227, +9.562,+0.942
1660772160,+3.53,+21.269, +9.515,+0.942
1660772760,+3.53,+21.277, +9.531,+0.942
1660773360,+3.53,+21.302, +9.634,+0.942
1660773960,+3.53,+21.328, +9.601,+0.942
1660774560,+3.53,+21.336, +9.554,+0.942
