7450-477420
OS REV: 1.05 Sensor Cal: 1635266744
Time (sec),  BV (Volts),  T (deg C),  DO (mg/l),  Q ()
1658338920,+3.53,+21.097,+16.684,+0.971
1658339520,+3.53,+21.147,+16.815,+0.971
1658340120,+3.53,+21.164,+17.259,+0.972
1658340720,+3.53,+21.172,+17.270,+0.972
1658341320,+3.53,+21.206,+17.562,+0.972
1658341920,+3.53,+21.189,+17.673,+0.971
1658342520,+3.53,+21.206,+17.682,+0.972
1658343120,+3.53,+21.181,+17.855,+0.971
1658343720,+3.53,+21.172,+17.736,+0.971
1658344320,+3.53,+21.147,+18.066,+0.972
1658344920,+3.53,+21.122,+18.199,+0.973
1658345520,+3.53,+21.097,+18.278,+0.971
1658346120,+3.53,+21.030,+18.188,+0.972
1658346720,+3.53,+21.005,+17.374,+0.971
1658347320,+3.53,+20.980,+17.107,+0.972
1658347920,+3.53,+21.030,+16.953,+0.972
1658348520,+3.53,+21.047,+16.946,+0.971
1658349120,+3.53,+21.072,+17.163,+0.971
1658349720,+3.53,+21.114,+17.305,+0.971
1658350320,+3.53,+21.122,+17.995,+0.971
1658350920,+3.53,+21.156,+17.612,+0.973
1658351520,+3.53,+21.189,+17.457,+0.971
1658352120,+3.53,+21.156,+17.785,+0.972
1658352720,+3.53,+21.147,+18.699,+0.973
1658353320,+3.53,+21.131,+18.803,+0.972
1658353920,+3.53,+21.080,+18.650,+0.971
1658354520,+3.53,+21.064,+18.838,+0.973
1658355120,+3.53,+21.039,+18.806,+0.973
1658355720,+3.53,+20.997,+18.226,+0.973
1658356320,+3.53,+20.997,+18.112,+0.971
1658356920,+3.53,+21.030,+18.345,+0.974
1658357520,+3.53,+21.064,+18.296,+0.971
1658358120,+3.53,+21.097,+18.140,+0.972
1658358720,+3.53,+21.131,+18.506,+0.972
1658359320,+3.53,+21.164,+18.274,+0.971
1658359920,+3.53,+21.172,+18.368,+0.973
1658360520,+3.53,+21.164,+18.372,+0.971
1658361120,+3.53,+21.156,+17.912,+0.972
1658361720,+3.53,+21.164,+18.358,+0.972
1658362320,+3.53,+21.122,+18.269,+0.972
1658362920,+3.53,+21.114,+18.156,+0.971
1658363520,+3.53,+21.089,+18.190,+0.974
1658364120,+3.53,+21.022,+17.647,+0.972
1658364720,+3.53,+21.055,+17.049,+0.972
1658365320,+3.53,+21.080,+16.951,+0.971
1658365920,+3.53,+21.080,+16.711,+0.972
1658366520,+3.53,+21.114,+17.067,+0.972
1658367120,+3.53,+21.156,+17.080,+0.972
1658367720,+3.53,+21.181,+16.950,+0.972
1658368320,+3.53,+21.172,+16.712,+0.972
1658368920,+3.53,+21.164,+13.956,+0.971
1658369520,+3.53,+21.139,+11.192,+0.971
1658370120,+3.53,+21.097,+10.110,+0.970
1658370720,+3.53,+21.072, +9.544,+0.971
1658371320,+3.53,+21.055, +8.565,+0.971
1658371920,+3.53,+21.005, +7.943,+0.970
1658372520,+3.53,+20.988, +7.594,+0.971
1658373120,+3.53,+20.938, +6.854,+0.971
1658373720,+3.53,+20.947, +8.237,+0.970
1658374320,+3.53,+20.972, +8.760,+0.971
1658374920,+3.53,+20.988, +8.297,+0.971
1658375520,+3.53,+21.005, +8.168,+0.971
1658376120,+3.53,+21.055, +7.720,+0.970
1658376720,+3.53,+21.072, +7.567,+0.971
1658377320,+3.53,+21.097, +7.038,+0.971
1658377920,+3.53,+21.089, +7.018,+0.971
1658378520,+3.53,+21.114, +6.859,+0.971
1658379120,+3.53,+21.080, +6.049,+0.972
1658379720,+3.53,+21.064, +5.835,+0.972
1658380320,+3.53,+21.064, +6.428,+0.970
1658380920,+3.53,+21.030, +7.222,+0.970
1658381520,+3.53,+20.997, +7.462,+0.971
1658382120,+3.53,+20.972, +7.379,+0.971
1658382720,+3.53,+20.963, +7.192,+0.970
1658383320,+3.53,+20.938, +7.024,+0.970
1658383920,+3.53,+20.921, +6.701,+0.971
1658384520,+3.53,+20.930, +7.284,+0.970
1658385120,+3.53,+20.938, +7.909,+0.970
1658385720,+3.53,+20.955, +7.952,+0.971
1658386320,+3.53,+20.988, +7.222,+0.971
1658386920,+3.53,+20.997, +7.126,+0.971
1658387520,+3.53,+21.047, +7.360,+0.970
1658388120,+3.53,+21.055, +7.388,+0.970
1658388720,+3.53,+21.097, +7.477,+0.971
1658389320,+3.53,+21.114, +7.453,+0.970
1658389920,+3.53,+21.114, +7.517,+0.970
1658390520,+3.53,+21.106, +7.319,+0.970
1658391120,+3.53,+21.114, +6.655,+0.971
1658391720,+3.53,+21.114, +6.207,+0.970
1658392320,+3.53,+21.064, +6.709,+0.971
1658392920,+3.53,+21.022, +7.362,+0.971
1658393520,+3.53,+20.988, +7.513,+0.971
1658394120,+3.53,+20.980, +7.757,+0.970
1658394720,+3.53,+20.963, +7.380,+0.970
1658395320,+3.53,+20.930, +7.232,+0.971
1658395920,+3.53,+20.913, +6.748,+0.970
1658396520,+3.53,+20.896, +6.344,+0.971
1658397120,+3.53,+20.930, +9.539,+0.971
1658397720,+3.53,+20.972,+12.837,+0.972
1658398320,+3.53,+20.997,+13.810,+0.971
1658398920,+3.53,+21.022,+14.687,+0.972
1658399520,+3.53,+21.072,+15.293,+0.971
1658400120,+3.53,+21.097,+15.576,+0.972
1658400720,+3.53,+21.156,+15.938,+0.972
1658401320,+3.53,+21.147,+16.285,+0.972
1658401920,+3.53,+21.164,+16.531,+0.972
1658402520,+3.53,+21.164,+16.461,+0.971
1658403120,+3.53,+21.172,+16.783,+0.971
1658403720,+3.53,+21.139,+16.979,+0.972
1658404320,+3.53,+21.106,+17.248,+0.973
1658404920,+3.53,+21.089,+17.496,+0.972
1658405520,+3.53,+21.055,+17.489,+0.973
1658406120,+3.53,+21.022,+17.154,+0.972
1658406720,+3.53,+21.022,+16.654,+0.972
1658407320,+3.53,+21.030,+16.503,+0.972
1658407920,+3.53,+21.047,+16.742,+0.972
1658408520,+3.53,+21.097,+17.104,+0.972
1658409120,+3.53,+21.122,+17.651,+0.972
1658409720,+3.53,+21.139,+17.251,+0.972
1658410320,+3.53,+21.164,+17.163,+0.972
1658410920,+3.53,+21.156,+16.790,+0.971
1658411520,+3.53,+21.164,+17.131,+0.972
1658412120,+3.53,+21.147,+17.753,+0.972
1658412720,+3.53,+21.114,+17.973,+0.973
1658413320,+3.53,+21.106,+18.239,+0.974
1658413920,+3.53,+21.072,+18.236,+0.972
1658414520,+3.53,+21.039,+18.044,+0.971
1658415120,+3.53,+20.997,+17.716,+0.972
1658415720,+3.53,+21.013,+16.956,+0.972
1658416320,+3.53,+21.039,+17.081,+0.972
1658416920,+3.53,+21.047,+17.553,+0.973
1658417520,+3.53,+21.097,+17.604,+0.973
1658418120,+3.53,+21.147,+18.362,+0.972
1658418720,+3.53,+21.164,+18.182,+0.972
1658419320,+3.53,+21.181,+18.042,+0.973
1658419920,+3.53,+21.181,+18.466,+0.974
1658420520,+3.53,+21.198,+17.990,+0.972
1658421120,+3.53,+21.206,+18.812,+0.972
1658421720,+3.53,+21.181,+19.076,+0.973
1658422320,+3.53,+21.156,+19.136,+0.972
1658422920,+3.53,+21.131,+19.243,+0.974
1658423520,+3.53,+21.089,+19.295,+0.974
1658424120,+3.53,+21.055,+18.036,+0.972
1658424720,+3.53,+21.089,+17.514,+0.972
1658425320,+3.53,+21.089,+17.698,+0.971
