7450-477420
OS REV: 1.05 Sensor Cal: 1635266744
Time (sec),  BV (Volts),  T (deg C),  DO (mg/l),  Q ()
1661209920,+3.53,+21.156,+13.753,+0.976
1661210520,+3.53,+21.114,+13.719,+0.977
1661211120,+3.53,+21.106,+13.624,+0.976
1661211720,+3.52,+21.064,+13.591,+0.976
1661212320,+3.52,+21.022,+13.613,+0.977
1661212920,+3.52,+20.997,+13.586,+0.976
1661213520,+3.52,+20.955,+13.629,+0.977
1661214120,+3.52,+20.930,+13.552,+0.975
1661214720,+3.53,+20.930,+13.499,+0.976
1661215320,+3.53,+20.921,+13.470,+0.977
1661215920,+3.53,+20.938,+13.634,+0.977
1661216520,+3.52,+20.938,+13.756,+0.977
1661217120,+3.52,+20.963,+13.454,+0.976
1661217720,+3.52,+20.955,+13.573,+0.977
1661218320,+3.52,+20.963,+13.647,+0.977
1661218920,+3.52,+20.972,+13.670,+0.976
1661219520,+3.52,+20.988,+13.622,+0.977
1661220120,+3.52,+20.980,+12.660,+0.976
1661220720,+3.52,+20.980,+10.537,+0.976
1661221320,+3.52,+20.972, +9.770,+0.976
1661221920,+3.52,+20.972, +9.666,+0.977
1661222520,+3.52,+20.988, +9.429,+0.976
1661223120,+3.52,+20.997, +9.386,+0.976
1661223720,+3.52,+20.988, +9.533,+0.976
1661224320,+3.52,+20.988, +9.463,+0.976
1661224920,+3.52,+21.013, +9.205,+0.975
1661225520,+3.52,+21.022, +9.169,+0.976
1661226120,+3.52,+21.030, +8.845,+0.976
1661226720,+3.52,+21.047, +8.788,+0.976
1661227320,+3.52,+21.047, +8.777,+0.976
1661227920,+3.52,+21.039, +8.850,+0.976
1661228520,+3.52,+21.047, +8.851,+0.976
1661229120,+3.52,+21.039, +8.751,+0.977
1661229720,+3.52,+21.055, +8.863,+0.976
1661230320,+3.52,+21.047, +8.997,+0.976
1661230920,+3.52,+21.047, +8.930,+0.976
1661231520,+3.52,+21.047, +8.862,+0.976
1661232120,+3.52,+21.064, +8.909,+0.976
1661232720,+3.53,+21.080, +8.711,+0.976
1661233320,+3.53,+21.080, +8.489,+0.976
1661233920,+3.53,+21.106, +8.515,+0.976
1661234520,+3.53,+21.089, +8.514,+0.976
1661235120,+3.53,+21.106, +8.466,+0.976
1661235720,+3.53,+21.106, +8.313,+0.976
1661236320,+3.53,+21.131, +8.086,+0.976
1661236920,+3.53,+21.114, +7.941,+0.976
1661237520,+3.53,+21.114, +7.826,+0.976
1661238120,+3.53,+21.106, +7.821,+0.977
1661238720,+3.53,+21.139, +7.962,+0.977
1661239320,+3.53,+21.139, +7.920,+0.976
1661239920,+3.53,+21.139, +7.621,+0.976
1661240520,+3.53,+21.122, +7.700,+0.976
1661241120,+3.53,+21.131, +7.902,+0.976
1661241720,+3.53,+21.131, +8.294,+0.976
1661242320,+3.53,+21.131, +8.327,+0.976
1661242920,+3.53,+21.139, +8.275,+0.976
1661243520,+3.53,+21.114, +8.323,+0.976
1661244120,+3.53,+21.156, +8.144,+0.976
1661244720,+3.53,+21.122, +7.976,+0.976
1661245320,+3.53,+21.122, +8.018,+0.976
1661245920,+3.53,+21.122, +8.204,+0.976
1661246520,+3.53,+21.114, +8.253,+0.976
1661247120,+3.53,+21.131, +8.168,+0.976
1661247720,+3.53,+21.139, +7.991,+0.976
1661248320,+3.53,+21.156, +8.736,+0.977
1661248920,+3.53,+21.198,+10.354,+0.976
1661249520,+3.53,+21.206,+11.097,+0.976
1661250120,+3.53,+21.223,+11.601,+0.976
1661250720,+3.53,+21.256,+11.829,+0.976
1661251320,+3.53,+21.298,+11.875,+0.976
1661251920,+3.53,+21.298,+12.145,+0.976
1661252520,+3.53,+21.306,+12.281,+0.975
1661253120,+3.53,+21.290,+12.325,+0.975
1661253720,+3.53,+21.256,+12.286,+0.976
1661254320,+3.53,+21.231,+12.272,+0.976
1661254920,+3.53,+21.198,+12.338,+0.976
1661255520,+3.53,+21.147,+12.392,+0.976
1661256120,+3.53,+21.114,+12.433,+0.976
1661256720,+3.53,+21.072,+12.484,+0.976
1661257320,+3.52,+21.039,+12.513,+0.976
1661257920,+3.52,+21.030,+12.641,+0.976
1661258520,+3.52,+21.005,+12.656,+0.976
1661259120,+3.53,+21.022,+12.545,+0.976
1661259720,+3.52,+21.022,+12.583,+0.975
1661260320,+3.52,+21.022,+12.696,+0.977
1661260920,+3.53,+21.072,+12.835,+0.976
1661261520,+3.53,+21.089,+12.730,+0.976
1661262120,+3.53,+21.106,+12.549,+0.975
1661262720,+3.53,+21.147,+12.593,+0.976
1661263320,+3.53,+21.181,+12.502,+0.976
1661263920,+3.53,+21.172,+12.700,+0.976
1661264520,+3.53,+21.156,+12.829,+0.977
1661265120,+3.53,+21.139,+12.850,+0.976
1661265720,+3.53,+21.122,+12.775,+0.976
1661266320,+3.53,+21.080,+12.759,+0.975
1661266920,+3.52,+21.064,+12.799,+0.976
1661267520,+3.52,+21.013,+12.825,+0.976
1661268120,+3.53,+20.972,+12.858,+0.976
1661268720,+3.52,+20.938,+13.010,+0.976
1661269320,+3.53,+20.930,+12.893,+0.976
1661269920,+3.53,+20.921,+12.850,+0.976
1661270520,+3.52,+20.963,+12.646,+0.975
1661271120,+3.53,+20.972,+12.650,+0.975
1661271720,+3.52,+20.988,+12.798,+0.976
1661272320,+3.53,+21.030,+13.009,+0.976
1661272920,+3.53,+21.055,+13.103,+0.976
1661273520,+3.53,+21.064,+12.879,+0.976
1661274120,+3.53,+21.106,+12.967,+0.977
1661274720,+3.53,+21.147,+13.152,+0.976
1661275320,+3.53,+21.156,+13.041,+0.976
1661275920,+3.53,+21.172,+12.783,+0.976
1661276520,+3.53,+21.189,+12.849,+0.976
1661277120,+3.53,+21.181,+13.031,+0.976
1661277720,+3.53,+21.181,+13.097,+0.977
1661278320,+3.53,+21.164,+13.110,+0.976
1661278920,+3.53,+21.114,+13.059,+0.976
1661279520,+3.53,+21.122,+13.028,+0.976
1661280120,+3.53,+21.080,+13.009,+0.976
1661280720,+3.53,+21.047,+13.007,+0.976
1661281320,+3.53,+21.013,+13.073,+0.977
1661281920,+3.53,+20.963,+13.090,+0.976
1661282520,+3.53,+20.955,+13.095,+0.977
1661283120,+3.53,+20.921,+13.119,+0.976
1661283720,+3.53,+20.938,+12.990,+0.977
1661284320,+3.53,+20.938,+12.856,+0.976
1661284920,+3.53,+20.980,+13.012,+0.976
1661285520,+3.53,+20.988,+13.239,+0.976
1661286120,+3.53,+20.997,+13.245,+0.977
1661286720,+3.53,+21.030,+13.093,+0.975
1661287320,+3.53,+21.064,+13.210,+0.977
1661287920,+3.53,+21.106,+13.042,+0.976
1661288520,+3.53,+21.156,+13.100,+0.976
1661289120,+3.53,+21.172,+13.104,+0.976
1661289720,+3.53,+21.181,+12.983,+0.976
1661290320,+3.53,+21.164,+13.242,+0.977
1661290920,+3.53,+21.164,+13.172,+0.976
1661291520,+3.53,+21.147,+13.049,+0.976
1661292120,+3.53,+21.122,+13.011,+0.976
1661292720,+3.53,+21.089,+13.018,+0.976
1661293320,+3.53,+21.047,+13.010,+0.976
1661293920,+3.52,+21.013,+12.977,+0.976
1661294520,+3.53,+20.972,+12.949,+0.977
1661295120,+3.53,+20.938,+12.915,+0.976
1661295720,+3.53,+20.913,+12.956,+0.976
1661296320,+3.53,+20.896,+12.806,+0.976
