7450-477420
OS REV: 1.05 Sensor Cal: 1635266744
Time (sec),  BV (Volts),  T (deg C),  DO (mg/l),  Q ()
1658860920,+3.52,+20.955,+24.216,+0.978
1658861520,+3.53,+20.963,+23.665,+0.977
1658862120,+3.53,+20.972,+23.917,+0.979
1658862720,+3.52,+21.005,+24.007,+0.976
1658863320,+3.52,+21.047,+24.375,+0.976
1658863920,+3.53,+21.072,+24.293,+0.977
1658864520,+3.53,+21.097,+24.143,+0.977
1658865120,+3.53,+21.114,+24.126,+0.976
1658865720,+3.53,+21.114,+24.449,+0.980
1658866320,+3.53,+21.122,+24.649,+0.977
1658866920,+3.53,+21.114,+24.804,+0.978
1658867520,+3.53,+21.106,+25.104,+0.977
1658868120,+3.53,+21.055,+25.228,+0.978
1658868720,+3.53,+21.039,+25.310,+0.977
1658869320,+3.53,+21.030,+25.204,+0.978
1658869920,+3.53,+20.988,+25.301,+0.979
1658870520,+3.53,+20.963,+25.409,+0.978
1658871120,+3.53,+20.930,+25.002,+0.977
1658871720,+3.53,+20.938,+24.067,+0.976
1658872320,+3.53,+20.947,+24.064,+0.978
1658872920,+3.53,+20.988,+24.039,+0.977
1658873520,+3.53,+21.022,+24.200,+0.977
1658874120,+3.53,+21.047,+24.119,+0.976
1658874720,+3.53,+21.072,+23.858,+0.978
1658875320,+3.53,+21.089,+23.678,+0.976
1658875920,+3.53,+21.080,+24.218,+0.978
1658876520,+3.53,+21.080,+24.111,+0.977
1658877120,+3.53,+21.072,+24.120,+0.977
1658877720,+3.53,+21.064,+24.311,+0.977
1658878320,+3.53,+21.039,+24.453,+0.977
1658878920,+3.53,+21.013,+24.440,+0.978
1658879520,+3.53,+20.988,+24.346,+0.979
1658880120,+3.53,+20.955,+24.394,+0.976
1658880720,+3.53,+20.947,+24.195,+0.977
1658881320,+3.53,+20.947,+23.286,+0.977
1658881920,+3.53,+20.947,+22.814,+0.976
1658882520,+3.53,+20.980,+22.871,+0.979
1658883120,+3.53,+21.022,+22.839,+0.978
1658883720,+3.53,+21.055,+22.778,+0.977
1658884320,+3.53,+21.072,+22.472,+0.976
1658884920,+3.53,+21.072,+22.658,+0.976
1658885520,+3.53,+21.072,+23.067,+0.977
1658886120,+3.53,+21.080,+23.228,+0.978
1658886720,+3.53,+21.039,+22.948,+0.978
1658887320,+3.53,+21.022,+19.677,+0.974
1658887920,+3.53,+20.980,+13.697,+0.973
1658888520,+3.53,+20.947,+11.527,+0.972
1658889120,+3.53,+20.921, +9.922,+0.972
1658889720,+3.53,+20.896, +8.512,+0.971
1658890320,+3.53,+20.863, +7.165,+0.972
1658890920,+3.53,+20.880, +8.051,+0.972
1658891520,+3.53,+20.896, +8.224,+0.972
1658892120,+3.53,+20.896, +8.199,+0.972
1658892720,+3.53,+20.913, +8.220,+0.972
1658893320,+3.53,+20.947, +8.727,+0.972
1658893920,+3.53,+20.963, +8.329,+0.971
1658894520,+3.53,+20.988, +7.431,+0.971
1658895120,+3.53,+21.022, +6.865,+0.972
1658895720,+3.53,+21.072, +6.721,+0.973
1658896320,+3.53,+21.064, +6.688,+0.972
1658896920,+3.53,+21.072, +5.936,+0.973
1658897520,+3.53,+21.072, +5.961,+0.972
1658898120,+3.53,+21.055, +5.262,+0.972
1658898720,+3.53,+21.039, +4.256,+0.973
1658899320,+3.53,+21.022, +3.357,+0.973
1658899920,+3.53,+20.963, +2.559,+0.973
1658900520,+3.53,+20.947, +2.107,+0.974
1658901120,+3.53,+20.921, +2.048,+0.974
1658901720,+3.53,+20.896, +1.914,+0.974
1658902320,+3.53,+20.896, +1.728,+0.967
1658902920,+3.53,+20.871, +3.212,+0.967
1658903520,+3.53,+20.880, +5.254,+0.971
1658904120,+3.53,+20.905, +6.655,+0.972
1658904720,+3.53,+20.905, +7.067,+0.971
1658905320,+3.53,+20.938, +7.336,+0.972
1658905920,+3.53,+20.955, +7.599,+0.972
1658906520,+3.53,+20.988, +7.430,+0.972
1658907120,+3.53,+20.997, +7.121,+0.972
1658907720,+3.53,+21.039, +6.709,+0.973
1658908320,+3.53,+21.047, +6.349,+0.973
1658908920,+3.53,+21.072, +5.978,+0.973
1658909520,+3.53,+21.072, +5.603,+0.973
1658910120,+3.53,+21.055, +4.745,+0.974
1658910720,+3.53,+21.013, +4.574,+0.973
1658911320,+3.53,+21.005, +4.587,+0.970
1658911920,+3.53,+20.955, +5.091,+0.970
1658912520,+3.53,+20.930, +5.763,+0.970
1658913120,+3.53,+20.888, +5.613,+0.968
1658913720,+3.53,+20.880, +5.012,+0.968
1658914320,+3.53,+20.880, +4.717,+0.967
1658914920,+3.53,+20.846, +4.158,+0.969
1658915520,+3.53,+20.863, +8.022,+0.972
1658916120,+3.53,+20.905,+14.704,+0.974
1658916720,+3.53,+20.930,+16.534,+0.974
1658917320,+3.53,+20.947,+17.800,+0.976
1658917920,+3.53,+20.980,+18.870,+0.975
1658918520,+3.53,+21.013,+19.813,+0.975
1658919120,+3.53,+21.064,+20.936,+0.978
1658919720,+3.53,+21.064,+21.188,+0.976
1658920320,+3.53,+21.122,+21.527,+0.976
1658920920,+3.53,+21.097,+22.280,+0.975
1658921520,+3.53,+21.106,+22.751,+0.976
1658922120,+3.53,+21.097,+23.171,+0.977
1658922720,+3.53,+21.080,+23.469,+0.978
1658923320,+3.53,+21.030,+23.569,+0.977
1658923920,+3.53,+21.030,+23.841,+0.978
1658924520,+3.53,+20.988,+23.972,+0.976
1658925120,+3.53,+20.947,+24.163,+0.979
1658925720,+3.53,+20.905,+24.101,+0.977
1658926320,+3.53,+20.913,+23.617,+0.976
1658926920,+3.53,+20.930,+23.058,+0.976
1658927520,+3.53,+20.963,+23.352,+0.979
1658928120,+3.53,+20.988,+22.862,+0.978
1658928720,+3.53,+21.030,+23.542,+0.977
1658929320,+3.53,+21.064,+23.484,+0.976
1658929920,+3.53,+21.072,+23.778,+0.978
1658930520,+3.53,+21.055,+23.599,+0.976
1658931120,+3.53,+21.064,+23.523,+0.977
1658931720,+3.53,+21.072,+24.427,+0.977
1658932320,+3.53,+21.047,+24.240,+0.976
1658932920,+3.53,+21.047,+24.554,+0.977
1658933520,+3.53,+21.013,+24.795,+0.978
1658934120,+3.53,+20.988,+24.833,+0.975
1658934720,+3.53,+20.947,+25.061,+0.980
1658935320,+3.53,+20.947,+25.118,+0.979
1658935920,+3.53,+20.888,+24.939,+0.978
1658936520,+3.53,+20.896,+24.773,+0.978
1658937120,+3.53,+20.905,+24.095,+0.978
1658937720,+3.53,+20.921,+23.951,+0.978
1658938320,+3.53,+20.947,+24.600,+0.978
1658938920,+3.53,+21.005,+24.398,+0.976
1658939520,+3.53,+21.030,+24.283,+0.977
1658940120,+3.53,+21.064,+23.528,+0.975
1658940720,+3.53,+21.080,+24.116,+0.979
1658941320,+3.53,+21.097,+25.057,+0.977
1658941920,+3.53,+21.089,+24.294,+0.976
1658942520,+3.53,+21.064,+24.653,+0.979
1658943120,+3.53,+21.064,+25.157,+0.977
1658943720,+3.53,+21.055,+25.152,+0.979
1658944320,+3.53,+21.030,+25.341,+0.978
1658944920,+3.53,+20.997,+25.334,+0.977
1658945520,+3.53,+20.955,+25.471,+0.979
1658946120,+3.53,+20.938,+25.506,+0.980
1658946720,+3.53,+20.896,+25.559,+0.979
1658947320,+3.53,+20.863,+25.403,+0.978
