7450-477420
OS REV: 1.05 Sensor Cal: 1635266744
Time (sec),  BV (Volts),  T (deg C),  DO (mg/l),  Q ()
1660774920,+3.53,+21.156,+11.486,+0.976
1660775520,+3.53,+21.147,+11.456,+0.976
1660776120,+3.53,+21.139,+11.424,+0.975
1660776720,+3.53,+21.097,+11.361,+0.975
1660777320,+3.52,+21.064,+11.380,+0.975
1660777920,+3.52,+21.047,+11.414,+0.976
1660778520,+3.52,+21.030,+11.364,+0.975
1660779120,+3.52,+20.988,+11.359,+0.976
1660779720,+3.52,+20.963,+11.259,+0.976
1660780320,+3.52,+20.972,+11.302,+0.976
1660780920,+3.52,+20.997,+11.272,+0.976
1660781520,+3.52,+21.022,+11.208,+0.976
1660782120,+3.52,+21.022,+11.371,+0.975
1660782720,+3.52,+21.022,+11.434,+0.976
1660783320,+3.52,+21.030,+11.386,+0.976
1660783920,+3.52,+21.022,+11.214,+0.975
1660784520,+3.52,+21.039,+11.124,+0.975
1660785120,+3.52,+21.064,+11.169,+0.976
1660785720,+3.53,+21.097,+11.185,+0.976
1660786320,+3.53,+21.114,+11.185,+0.975
1660786920,+3.53,+21.131,+11.203,+0.975
1660787520,+3.53,+21.164,+11.323,+0.976
1660788120,+3.53,+21.139,+10.914,+0.976
1660788720,+3.53,+21.114,+10.177,+0.975
1660789320,+3.53,+21.080,+10.057,+0.975
1660789920,+3.52,+21.055, +9.961,+0.975
1660790520,+3.52,+21.013, +9.601,+0.975
1660791120,+3.52,+20.997, +9.297,+0.975
1660791720,+3.52,+20.930, +9.097,+0.975
1660792320,+3.53,+20.896, +8.850,+0.975
1660792920,+3.53,+20.871, +8.860,+0.975
1660793520,+3.53,+20.829, +9.490,+0.976
1660794120,+3.53,+20.821, +9.487,+0.975
1660794720,+3.53,+20.804, +9.333,+0.975
1660795320,+3.53,+20.796, +9.016,+0.975
1660795920,+3.53,+20.796, +9.102,+0.975
1660796520,+3.53,+20.771, +9.221,+0.975
1660797120,+3.53,+20.762, +9.380,+0.976
1660797720,+3.53,+20.771, +9.102,+0.975
1660798320,+3.53,+20.771, +9.099,+0.975
1660798920,+3.53,+20.771, +8.817,+0.975
1660799520,+3.53,+20.771, +8.704,+0.975
1660800120,+3.53,+20.771, +8.976,+0.976
1660800720,+3.53,+20.788, +9.005,+0.976
1660801320,+3.53,+20.771, +8.875,+0.975
1660801920,+3.53,+20.779, +9.067,+0.975
1660802520,+3.53,+20.796, +9.238,+0.976
1660803120,+3.53,+20.788, +9.310,+0.976
1660803720,+3.53,+20.804, +9.164,+0.976
1660804320,+3.53,+20.796, +8.831,+0.976
1660804920,+3.53,+20.804, +9.012,+0.976
1660805520,+3.53,+20.838, +8.776,+0.975
1660806120,+3.53,+20.838, +8.831,+0.975
1660806720,+3.53,+20.829, +8.659,+0.975
1660807320,+3.53,+20.829, +8.305,+0.976
1660807920,+3.53,+20.838, +8.302,+0.976
1660808520,+3.53,+20.829, +8.869,+0.976
1660809120,+3.53,+20.813, +9.158,+0.976
1660809720,+3.53,+20.829, +9.124,+0.975
1660810320,+3.53,+20.813, +9.161,+0.976
1660810920,+3.53,+20.821, +9.029,+0.975
1660811520,+3.53,+20.829, +8.990,+0.976
1660812120,+3.53,+20.838, +9.040,+0.975
1660812720,+3.53,+20.846, +9.041,+0.975
1660813320,+3.53,+20.854, +9.062,+0.975
1660813920,+3.53,+20.854, +8.963,+0.976
1660814520,+3.53,+20.871, +8.862,+0.976
1660815120,+3.52,+20.863, +8.938,+0.976
1660815720,+3.52,+20.880, +8.823,+0.976
1660816320,+3.52,+20.913, +9.012,+0.976
1660816920,+3.52,+20.963, +9.565,+0.977
1660817520,+3.52,+20.980, +9.834,+0.976
1660818120,+3.52,+20.988,+10.067,+0.976
1660818720,+3.52,+21.022,+10.256,+0.975
1660819320,+3.52,+21.064,+10.306,+0.976
1660819920,+3.53,+21.089,+10.416,+0.976
1660820520,+3.53,+21.106,+10.311,+0.975
1660821120,+3.53,+21.131,+10.288,+0.976
1660821720,+3.53,+21.189,+10.351,+0.976
1660822320,+3.53,+21.214,+10.416,+0.975
1660822920,+3.53,+21.223,+10.420,+0.975
1660823520,+3.53,+21.231,+10.528,+0.976
1660824120,+3.53,+21.239,+10.657,+0.977
1660824720,+3.53,+21.223,+10.607,+0.975
1660825320,+3.53,+21.198,+10.606,+0.975
1660825920,+3.53,+21.147,+10.686,+0.976
1660826520,+3.53,+21.114,+10.665,+0.977
1660827120,+3.53,+21.089,+10.658,+0.976
1660827720,+3.52,+21.039,+10.712,+0.976
1660828320,+3.53,+21.039,+10.656,+0.976
1660828920,+3.53,+21.080,+10.198,+0.976
1660829520,+3.53,+21.181, +9.638,+0.976
1660830120,+3.53,+21.239, +9.908,+0.976
1660830720,+3.53,+21.290,+10.068,+0.976
1660831320,+3.53,+21.281,+10.046,+0.976
1660831920,+3.53,+21.315,+10.094,+0.976
1660832520,+3.53,+21.315,+10.168,+0.977
1660833120,+3.53,+21.306,+10.223,+0.976
1660833720,+3.53,+21.290,+10.285,+0.976
1660834320,+3.53,+21.256,+10.251,+0.976
1660834920,+3.53,+21.239,+10.312,+0.976
1660835520,+3.53,+21.189,+10.359,+0.976
1660836120,+3.53,+21.156,+10.387,+0.976
1660836720,+3.53,+21.106,+10.413,+0.976
1660837320,+3.53,+21.055,+10.497,+0.977
1660837920,+3.52,+21.022,+10.563,+0.976
1660838520,+3.52,+20.980,+10.601,+0.976
1660839120,+3.52,+20.980,+10.591,+0.976
1660839720,+3.53,+20.947,+10.465,+0.976
1660840320,+3.53,+20.938,+10.464,+0.976
1660840920,+3.52,+20.980,+10.478,+0.976
1660841520,+3.52,+20.980,+10.570,+0.976
1660842120,+3.53,+21.013,+10.583,+0.976
1660842720,+3.53,+21.039,+10.627,+0.976
1660843320,+3.52,+21.022,+10.571,+0.975
1660843920,+3.52,+21.047,+10.700,+0.976
1660844520,+3.52,+21.047,+10.722,+0.975
1660845120,+3.53,+21.089,+10.686,+0.975
1660845720,+3.53,+21.114,+10.634,+0.976
1660846320,+3.53,+21.131,+10.659,+0.976
1660846920,+3.53,+21.156,+10.587,+0.976
1660847520,+3.53,+21.164,+10.664,+0.976
1660848120,+3.53,+21.189,+10.806,+0.977
1660848720,+3.53,+21.164,+11.021,+0.976
1660849320,+3.53,+21.156,+11.044,+0.977
1660849920,+3.53,+21.106,+10.988,+0.976
1660850520,+3.53,+21.055,+11.047,+0.976
1660851120,+3.52,+21.030,+11.106,+0.976
1660851720,+3.52,+21.039,+11.077,+0.976
1660852320,+3.52,+20.972,+11.143,+0.975
1660852920,+3.53,+20.955,+10.997,+0.976
1660853520,+3.52,+20.930,+10.981,+0.975
1660854120,+3.52,+20.988,+11.043,+0.976
1660854720,+3.53,+20.980,+11.028,+0.976
1660855320,+3.53,+20.988,+11.246,+0.976
1660855920,+3.53,+20.980,+11.396,+0.976
1660856520,+3.53,+20.997,+11.384,+0.976
1660857120,+3.53,+21.013,+11.359,+0.976
1660857720,+3.53,+21.013,+11.226,+0.976
1660858320,+3.53,+21.072,+11.181,+0.976
1660858920,+3.53,+21.047,+11.115,+0.976
1660859520,+3.53,+21.089,+11.143,+0.976
1660860120,+3.53,+21.122,+11.136,+0.975
1660860720,+3.53,+21.114,+11.118,+0.976
1660861320,+3.53,+21.122,+11.069,+0.976
