7450-477420
OS REV: 1.05 Sensor Cal: 1635266744
Time (sec),  BV (Volts),  T (deg C),  DO (mg/l),  Q ()
1660078920,+3.52,+20.988,+11.285,+0.974
1660079520,+3.52,+21.005,+11.260,+0.975
1660080120,+3.52,+21.022,+11.260,+0.974
1660080720,+3.52,+21.039,+11.274,+0.975
1660081320,+3.52,+21.039,+11.307,+0.974
1660081920,+3.52,+21.072,+11.260,+0.974
1660082520,+3.53,+21.106,+11.249,+0.975
1660083120,+3.53,+21.122,+11.231,+0.974
1660083720,+3.53,+21.156,+11.242,+0.975
1660084320,+3.53,+21.198,+11.232,+0.974
1660084920,+3.53,+21.164,+11.236,+0.975
1660085520,+3.53,+21.164,+11.276,+0.974
1660086120,+3.53,+21.156,+11.316,+0.975
1660086720,+3.53,+21.139,+11.283,+0.974
1660087320,+3.53,+21.114,+11.335,+0.975
1660087920,+3.53,+21.072,+11.320,+0.975
1660088520,+3.52,+21.055,+11.316,+0.974
1660089120,+3.52,+20.997,+11.368,+0.975
1660089720,+3.53,+20.972,+11.339,+0.975
1660090320,+3.52,+20.988,+11.319,+0.974
1660090920,+3.52,+20.980,+11.349,+0.975
1660091520,+3.53,+20.972,+11.341,+0.974
1660092120,+3.52,+20.997,+11.333,+0.974
1660092720,+3.52,+20.988,+11.342,+0.975
1660093320,+3.52,+20.988,+11.287,+0.974
1660093920,+3.53,+20.980,+11.247,+0.975
1660094520,+3.53,+21.013,+11.281,+0.975
1660095120,+3.52,+21.030,+11.269,+0.975
1660095720,+3.52,+21.013,+11.244,+0.974
1660096320,+3.53,+21.039,+11.278,+0.975
1660096920,+3.52,+21.030,+11.061,+0.975
1660097520,+3.52,+21.005,+10.806,+0.975
1660098120,+3.53,+20.980,+10.684,+0.974
1660098720,+3.52,+20.997,+10.649,+0.974
1660099320,+3.53,+21.013,+10.555,+0.975
1660099920,+3.53,+21.013,+10.470,+0.974
1660100520,+3.53,+21.039,+10.384,+0.974
1660101120,+3.52,+21.030,+10.344,+0.975
1660101720,+3.53,+21.022,+10.385,+0.975
1660102320,+3.52,+21.013,+10.373,+0.975
1660102920,+3.53,+21.013,+10.254,+0.974
1660103520,+3.52,+21.005,+10.259,+0.975
1660104120,+3.53,+21.013,+10.282,+0.974
1660104720,+3.52,+20.980,+10.204,+0.974
1660105320,+3.52,+21.005,+10.064,+0.973
1660105920,+3.53,+20.980,+10.102,+0.974
1660106520,+3.53,+20.963,+10.194,+0.975
1660107120,+3.53,+20.980,+10.126,+0.975
1660107720,+3.52,+20.947,+10.171,+0.974
1660108320,+3.52,+20.947,+10.190,+0.975
1660108920,+3.53,+20.930,+10.148,+0.974
1660109520,+3.53,+20.930,+10.090,+0.974
1660110120,+3.53,+20.938,+10.054,+0.974
1660110720,+3.53,+20.955,+10.077,+0.975
1660111320,+3.53,+20.921, +9.912,+0.974
1660111920,+3.53,+20.921, +9.982,+0.975
1660112520,+3.53,+20.930, +9.901,+0.974
1660113120,+3.53,+20.913, +9.926,+0.975
1660113720,+3.53,+20.930, +9.871,+0.975
1660114320,+3.53,+20.896, +9.847,+0.974
1660114920,+3.53,+20.896, +9.897,+0.975
1660115520,+3.53,+20.921, +9.829,+0.974
1660116120,+3.53,+20.905, +9.740,+0.975
1660116720,+3.53,+20.896, +9.751,+0.975
1660117320,+3.53,+20.905, +9.688,+0.975
1660117920,+3.53,+20.913, +9.577,+0.974
1660118520,+3.53,+20.905, +9.575,+0.974
1660119120,+3.53,+20.905, +9.617,+0.975
1660119720,+3.53,+20.905, +9.563,+0.974
1660120320,+3.53,+20.905, +9.577,+0.975
1660120920,+3.53,+20.896, +9.431,+0.974
1660121520,+3.53,+20.880, +9.508,+0.975
1660122120,+3.53,+20.888, +9.494,+0.974
1660122720,+3.53,+20.871, +9.458,+0.974
1660123320,+3.53,+20.863, +9.528,+0.975
1660123920,+3.53,+20.880, +9.467,+0.974
1660124520,+3.53,+20.829, +9.511,+0.974
1660125120,+3.53,+20.846, +9.558,+0.975
1660125720,+3.53,+20.896, +9.813,+0.975
1660126320,+3.53,+20.905, +9.945,+0.974
1660126920,+3.53,+20.938,+10.028,+0.974
1660127520,+3.53,+20.963,+10.072,+0.975
1660128120,+3.52,+20.955,+10.094,+0.974
1660128720,+3.53,+20.972,+10.150,+0.975
1660129320,+3.53,+21.013,+10.188,+0.975
1660129920,+3.52,+21.039,+10.203,+0.975
1660130520,+3.53,+21.064,+10.192,+0.974
1660131120,+3.53,+21.089,+10.246,+0.974
1660131720,+3.53,+21.097,+10.273,+0.974
1660132320,+3.53,+21.122,+10.295,+0.975
1660132920,+3.53,+21.147,+10.236,+0.975
1660133520,+3.53,+21.172,+10.223,+0.974
1660134120,+3.53,+21.206,+10.261,+0.974
1660134720,+3.53,+21.214,+10.307,+0.974
1660135320,+3.53,+21.198,+10.328,+0.975
1660135920,+3.53,+21.189,+10.350,+0.975
1660136520,+3.53,+21.198,+10.360,+0.975
1660137120,+3.53,+21.164,+10.409,+0.975
1660137720,+3.53,+21.131,+10.414,+0.974
1660138320,+3.53,+21.080,+10.445,+0.975
1660138920,+3.53,+21.030,+10.486,+0.975
1660139520,+3.52,+21.022,+10.481,+0.974
1660140120,+3.52,+20.988,+10.498,+0.975
1660140720,+3.52,+20.963,+10.539,+0.974
1660141320,+3.52,+20.963,+10.500,+0.974
1660141920,+3.52,+20.972,+10.504,+0.974
1660142520,+3.53,+21.005,+10.535,+0.974
1660143120,+3.52,+20.997,+10.583,+0.974
1660143720,+3.52,+20.980,+10.605,+0.974
1660144320,+3.53,+21.005,+10.555,+0.974
1660144920,+3.53,+20.988,+10.538,+0.974
1660145520,+3.53,+20.997,+10.531,+0.974
1660146120,+3.53,+21.005,+10.620,+0.974
1660146720,+3.53,+21.013,+10.670,+0.975
1660147320,+3.53,+21.022,+10.689,+0.975
1660147920,+3.53,+21.055,+10.661,+0.974
1660148520,+3.53,+21.047,+10.684,+0.975
1660149120,+3.52,+21.080,+10.680,+0.974
1660149720,+3.53,+21.080,+10.749,+0.974
1660150320,+3.53,+21.089,+10.688,+0.974
1660150920,+3.53,+21.106,+10.760,+0.975
1660151520,+3.53,+21.139,+10.720,+0.974
1660152120,+3.53,+21.156,+10.766,+0.975
1660152720,+3.53,+21.164,+10.743,+0.974
1660153320,+3.53,+21.181,+10.716,+0.974
1660153920,+3.53,+21.214,+10.706,+0.974
1660154520,+3.53,+21.206,+10.772,+0.975
1660155120,+3.53,+21.198,+10.777,+0.974
1660155720,+3.53,+21.189,+10.794,+0.974
1660156320,+3.53,+21.156,+10.838,+0.975
1660156920,+3.53,+21.122,+10.850,+0.974
1660157520,+3.53,+21.106,+10.859,+0.975
1660158120,+3.52,+21.055,+10.876,+0.975
1660158720,+3.53,+21.022,+10.930,+0.974
1660159320,+3.53,+20.988,+10.905,+0.974
1660159920,+3.53,+20.997,+10.896,+0.974
1660160520,+3.53,+20.988,+10.957,+0.975
1660161120,+3.53,+20.980,+10.961,+0.974
1660161720,+3.53,+20.988,+10.934,+0.975
1660162320,+3.53,+20.988,+10.915,+0.974
1660162920,+3.53,+21.005,+10.941,+0.974
1660163520,+3.53,+20.997,+10.923,+0.975
1660164120,+3.53,+21.039,+10.953,+0.974
1660164720,+3.53,+21.039,+10.981,+0.974
1660165320,+3.53,+21.064,+10.967,+0.974
