7450-759077
OS REV: 1.05 Sensor Cal: 1635263504
Time (sec),  BV (Volts),  T (deg C),  DO (mg/l),  Q ()
1660339800,+3.52,+15.604,+17.325,+0.947
1660340400,+3.52,+15.654,+17.557,+0.947
1660341000,+3.52,+15.638,+17.618,+0.947
1660341600,+3.52,+15.646,+17.230,+0.947
1660342200,+3.52,+15.671,+16.893,+0.947
1660342800,+3.52,+15.713,+16.704,+0.947
1660343400,+3.52,+15.705,+16.774,+0.947
1660344000,+3.52,+15.705,+17.098,+0.946
1660344600,+3.52,+15.671,+17.254,+0.946
1660345200,+3.52,+15.688,+17.349,+0.947
1660345800,+3.52,+15.638,+17.381,+0.947
1660346400,+3.52,+15.629,+17.300,+0.947
1660347000,+3.52,+15.587,+17.331,+0.947
1660347600,+3.52,+15.570,+17.306,+0.947
1660348200,+3.52,+15.511,+17.302,+0.947
1660348800,+3.51,+15.478,+17.254,+0.946
1660349400,+3.51,+15.427,+17.269,+0.947
1660350000,+3.51,+15.402,+17.232,+0.947
1660350600,+3.51,+15.351,+17.126,+0.947
1660351200,+3.51,+15.334,+16.630,+0.947
1660351800,+3.51,+15.360,+16.511,+0.947
1660352400,+3.51,+15.351,+16.560,+0.948
1660353000,+3.51,+15.402,+16.441,+0.947
1660353600,+3.51,+15.444,+16.576,+0.948
1660354200,+3.51,+15.461,+16.625,+0.947
1660354800,+3.51,+15.494,+16.612,+0.947
1660355400,+3.52,+15.562,+16.592,+0.948
1660356000,+3.52,+15.612,+16.613,+0.947
1660356600,+3.52,+15.587,+15.390,+0.948
1660357200,+3.52,+15.570,+14.468,+0.948
1660357800,+3.52,+15.579,+13.881,+0.948
1660358400,+3.52,+15.595,+13.541,+0.948
1660359000,+3.52,+15.604,+13.222,+0.949
1660359600,+3.52,+15.553,+12.849,+0.949
1660360200,+3.52,+15.570,+12.508,+0.949
1660360800,+3.52,+15.528,+12.196,+0.950
1660361400,+3.51,+15.478,+11.906,+0.950
1660362000,+3.51,+15.444,+11.659,+0.950
1660362600,+3.51,+15.402,+11.540,+0.951
1660363200,+3.51,+15.334,+11.413,+0.951
1660363800,+3.51,+15.292,+11.288,+0.951
1660364400,+3.51,+15.292,+11.126,+0.951
1660365000,+3.51,+15.242,+10.952,+0.952
1660365600,+3.51,+15.233,+10.714,+0.952
1660366200,+3.51,+15.199,+10.531,+0.953
1660366800,+3.51,+15.233,+10.329,+0.953
1660367400,+3.51,+15.233,+10.148,+0.953
1660368000,+3.51,+15.250, +9.981,+0.953
1660368600,+3.51,+15.275, +9.899,+0.953
1660369200,+3.51,+15.309, +9.905,+0.953
1660369800,+3.51,+15.334, +9.980,+0.953
1660370400,+3.51,+15.377,+10.057,+0.952
1660371000,+3.51,+15.402,+10.189,+0.953
1660371600,+3.51,+15.444,+10.313,+0.952
1660372200,+3.51,+15.469,+10.479,+0.952
1660372800,+3.51,+15.494,+10.542,+0.952
1660373400,+3.52,+15.528,+10.453,+0.951
1660374000,+3.52,+15.520,+10.272,+0.952
1660374600,+3.51,+15.511,+10.046,+0.953
1660375200,+3.51,+15.486, +9.929,+0.953
1660375800,+3.51,+15.469, +9.816,+0.953
1660376400,+3.51,+15.444, +9.750,+0.953
1660377000,+3.51,+15.427, +9.723,+0.953
1660377600,+3.51,+15.393, +9.788,+0.953
1660378200,+3.51,+15.334, +9.866,+0.954
1660378800,+3.51,+15.301,+10.034,+0.953
1660379400,+3.51,+15.267,+10.155,+0.952
1660380000,+3.51,+15.233,+10.133,+0.953
1660380600,+3.51,+15.199, +9.961,+0.953
1660381200,+3.51,+15.191, +9.750,+0.953
1660381800,+3.51,+15.191, +9.537,+0.954
1660382400,+3.52,+15.174, +9.364,+0.954
1660383000,+3.52,+15.166, +9.222,+0.955
1660383600,+3.51,+15.174, +9.086,+0.955
1660384200,+3.51,+15.199, +9.030,+0.955
1660384800,+3.51,+15.267, +9.554,+0.954
1660385400,+3.51,+15.326,+11.245,+0.951
1660386000,+3.51,+15.385,+12.653,+0.949
1660386600,+3.51,+15.436,+13.729,+0.949
1660387200,+3.51,+15.486,+14.395,+0.947
1660387800,+3.52,+15.537,+14.875,+0.947
1660388400,+3.52,+15.562,+15.371,+0.947
1660389000,+3.52,+15.579,+15.753,+0.947
1660389600,+3.52,+15.595,+15.804,+0.948
1660390200,+3.52,+15.621,+15.699,+0.948
1660390800,+3.52,+15.629,+15.713,+0.947
1660391400,+3.52,+15.629,+15.872,+0.947
1660392000,+3.52,+15.604,+16.186,+0.947
1660392600,+3.52,+15.604,+16.466,+0.948
1660393200,+3.52,+15.587,+16.646,+0.947
1660393800,+3.52,+15.537,+16.787,+0.947
1660394400,+3.52,+15.520,+16.863,+0.948
1660395000,+3.51,+15.486,+16.935,+0.947
1660395600,+3.51,+15.461,+17.050,+0.948
1660396200,+3.51,+15.427,+17.060,+0.947
1660396800,+3.51,+15.402,+17.122,+0.948
1660397400,+3.51,+15.343,+17.202,+0.947
1660398000,+3.51,+15.318,+17.172,+0.947
1660398600,+3.51,+15.334,+16.867,+0.948
1660399200,+3.51,+15.334,+16.710,+0.948
1660399800,+3.51,+15.360,+16.758,+0.947
1660400400,+3.51,+15.393,+16.858,+0.947
1660401000,+3.51,+15.410,+16.948,+0.948
1660401600,+3.51,+15.478,+17.029,+0.947
1660402200,+3.51,+15.528,+17.100,+0.947
1660402800,+3.52,+15.562,+17.263,+0.946
1660403400,+3.52,+15.638,+17.405,+0.947
1660404000,+3.52,+15.629,+17.233,+0.947
1660404600,+3.52,+15.654,+16.944,+0.947
1660405200,+3.52,+15.663,+16.813,+0.947
1660405800,+3.52,+15.696,+16.814,+0.947
1660406400,+3.52,+15.671,+17.094,+0.947
1660407000,+3.52,+15.671,+17.313,+0.946
1660407600,+3.52,+15.654,+17.473,+0.947
1660408200,+3.52,+15.646,+17.558,+0.947
1660408800,+3.52,+15.587,+17.651,+0.946
1660409400,+3.52,+15.587,+17.753,+0.947
1660410000,+3.51,+15.511,+17.864,+0.947
1660410600,+3.51,+15.478,+17.983,+0.948
1660411200,+3.51,+15.444,+18.012,+0.947
1660411800,+3.51,+15.419,+18.054,+0.947
1660412400,+3.51,+15.360,+18.092,+0.946
1660413000,+3.51,+15.326,+17.683,+0.946
1660413600,+3.51,+15.351,+17.457,+0.946
1660414200,+3.51,+15.351,+17.412,+0.947
1660414800,+3.51,+15.377,+17.497,+0.947
1660415400,+3.51,+15.410,+17.700,+0.947
1660416000,+3.51,+15.444,+17.828,+0.947
1660416600,+3.51,+15.503,+17.836,+0.947
1660417200,+3.52,+15.545,+17.916,+0.947
1660417800,+3.52,+15.595,+17.974,+0.946
1660418400,+3.52,+15.663,+18.120,+0.946
1660419000,+3.52,+15.646,+18.213,+0.948
1660419600,+3.52,+15.663,+17.915,+0.947
1660420200,+3.52,+15.680,+17.674,+0.946
1660420800,+3.52,+15.705,+17.618,+0.947
1660421400,+3.52,+15.705,+17.826,+0.947
1660422000,+3.52,+15.680,+18.115,+0.946
1660422600,+3.52,+15.680,+18.174,+0.946
1660423200,+3.52,+15.638,+18.223,+0.947
1660423800,+3.52,+15.612,+18.277,+0.947
1660424400,+3.52,+15.587,+18.289,+0.947
1660425000,+3.52,+15.537,+18.316,+0.946
1660425600,+3.51,+15.520,+18.352,+0.947
1660426200,+3.51,+15.469,+18.401,+0.947
