7450-477420
OS REV: 1.05 Sensor Cal: 1635266744
Time (sec),  BV (Volts),  T (deg C),  DO (mg/l),  Q ()
1657816920,+3.53,+21.172,+11.212,+0.973
1657817520,+3.53,+21.181,+11.297,+0.973
1657818120,+3.53,+21.164,+11.241,+0.973
1657818720,+3.53,+21.147,+11.194,+0.972
1657819320,+3.53,+21.131,+11.261,+0.974
1657819920,+3.53,+21.055,+11.123,+0.973
1657820520,+3.53,+21.064,+11.034,+0.972
1657821120,+3.53,+21.064,+11.022,+0.973
1657821720,+3.53,+21.089,+11.203,+0.974
1657822320,+3.53,+21.106,+11.358,+0.972
1657822920,+3.53,+21.139,+11.267,+0.973
1657823520,+3.53,+21.172,+11.394,+0.972
1657824120,+3.53,+21.198,+11.634,+0.972
1657824720,+3.53,+21.214,+11.749,+0.973
1657825320,+3.53,+21.206,+11.720,+0.972
1657825920,+3.53,+21.198,+11.637,+0.972
1657826520,+3.53,+21.189,+11.639,+0.972
1657827120,+3.53,+21.139,+11.644,+0.973
1657827720,+3.53,+21.131,+11.688,+0.973
1657828320,+3.53,+21.089,+11.782,+0.973
1657828920,+3.53,+21.039,+12.049,+0.972
1657829520,+3.53,+21.055,+11.497,+0.973
1657830120,+3.53,+21.039,+11.396,+0.973
1657830720,+3.53,+21.172,+10.469,+0.973
1657831320,+3.53,+21.256,+11.081,+0.972
1657831920,+3.53,+21.281,+11.756,+0.971
1657832520,+3.53,+21.290,+11.858,+0.973
1657833120,+3.53,+21.290,+11.561,+0.972
1657833720,+3.53,+21.298,+11.910,+0.972
1657834320,+3.53,+21.315,+12.028,+0.972
1657834920,+3.53,+21.290,+11.955,+0.973
1657835520,+3.53,+21.256,+12.104,+0.972
1657836120,+3.53,+21.223,+12.095,+0.973
1657836720,+3.53,+21.198,+12.025,+0.972
1657837320,+3.53,+21.147,+11.984,+0.972
1657837920,+3.53,+21.114,+12.012,+0.973
1657838520,+3.53,+21.064,+11.930,+0.973
1657839120,+3.53,+21.064,+11.464,+0.973
1657839720,+3.53,+21.055,+11.670,+0.972
1657840320,+3.53,+21.089,+12.018,+0.972
1657840920,+3.53,+21.114,+11.742,+0.972
1657841520,+3.53,+21.139,+11.466,+0.972
1657842120,+3.53,+21.147,+11.596,+0.973
1657842720,+3.53,+21.181,+11.781,+0.973
1657843320,+3.53,+21.223,+11.992,+0.972
1657843920,+3.53,+21.214,+12.051,+0.972
1657844520,+3.53,+21.214,+11.847,+0.972
1657845120,+3.53,+21.214,+12.010,+0.972
1657845720,+3.53,+21.214,+12.093,+0.972
1657846320,+3.53,+21.172,+12.031,+0.972
1657846920,+3.53,+21.139,+12.013,+0.972
1657847520,+3.53,+21.097,+12.108,+0.972
1657848120,+3.53,+21.089,+11.622,+0.972
1657848720,+3.53,+21.064,+11.572,+0.973
1657849320,+3.53,+21.097,+11.613,+0.972
1657849920,+3.53,+21.106,+11.426,+0.972
1657850520,+3.53,+21.106,+10.436,+0.971
1657851120,+3.53,+21.131, +9.165,+0.972
1657851720,+3.53,+21.131, +8.977,+0.972
1657852320,+3.53,+21.156, +8.725,+0.972
1657852920,+3.53,+21.156, +8.564,+0.972
1657853520,+3.53,+21.156, +8.202,+0.973
1657854120,+3.53,+21.147, +7.980,+0.973
1657854720,+3.53,+21.122, +7.866,+0.973
1657855320,+3.53,+21.080, +7.977,+0.973
1657855920,+3.53,+21.055, +7.996,+0.973
1657856520,+3.53,+21.030, +8.016,+0.973
1657857120,+3.53,+20.997, +7.947,+0.972
1657857720,+3.53,+20.988, +7.876,+0.973
1657858320,+3.53,+20.963, +7.822,+0.973
1657858920,+3.53,+20.955, +7.707,+0.972
1657859520,+3.53,+20.972, +7.480,+0.973
1657860120,+3.53,+20.988, +7.641,+0.973
1657860720,+3.53,+21.005, +7.863,+0.973
1657861320,+3.53,+21.022, +7.949,+0.973
1657861920,+3.53,+21.039, +7.866,+0.973
1657862520,+3.53,+21.080, +7.855,+0.973
1657863120,+3.53,+21.106, +7.866,+0.973
1657863720,+3.53,+21.122, +7.806,+0.973
1657864320,+3.53,+21.122, +7.579,+0.973
1657864920,+3.53,+21.114, +7.838,+0.973
1657865520,+3.53,+21.122, +7.984,+0.972
1657866120,+3.53,+21.097, +7.910,+0.973
1657866720,+3.53,+21.080, +7.693,+0.973
1657867320,+3.53,+21.013, +7.810,+0.973
1657867920,+3.53,+21.013, +7.543,+0.973
1657868520,+3.53,+20.947, +7.652,+0.973
1657869120,+3.53,+20.963, +7.557,+0.973
1657869720,+3.53,+20.930, +7.587,+0.973
1657870320,+3.53,+20.921, +7.607,+0.973
1657870920,+3.53,+20.921, +7.787,+0.973
1657871520,+3.53,+20.938, +7.905,+0.973
1657872120,+3.53,+20.938, +7.785,+0.973
1657872720,+3.53,+20.955, +7.708,+0.973
1657873320,+3.53,+20.963, +7.899,+0.973
1657873920,+3.53,+20.972, +7.924,+0.973
1657874520,+3.53,+20.988, +7.804,+0.973
1657875120,+3.53,+21.005, +7.798,+0.973
1657875720,+3.53,+21.030, +7.747,+0.973
1657876320,+3.53,+21.013, +7.656,+0.973
1657876920,+3.53,+21.072, +7.563,+0.973
1657877520,+3.53,+21.080, +7.495,+0.973
1657878120,+3.53,+21.097, +7.543,+0.973
1657878720,+3.53,+21.139, +8.629,+0.972
1657879320,+3.53,+21.156,+10.020,+0.972
1657879920,+3.53,+21.206,+10.492,+0.973
1657880520,+3.53,+21.214,+10.968,+0.972
1657881120,+3.53,+21.223,+11.170,+0.973
1657881720,+3.53,+21.214,+11.387,+0.973
1657882320,+3.53,+21.198,+11.583,+0.972
1657882920,+3.53,+21.172,+11.664,+0.973
1657883520,+3.53,+21.131,+11.756,+0.972
1657884120,+3.53,+21.106,+11.893,+0.972
1657884720,+3.53,+21.064,+11.912,+0.972
1657885320,+3.53,+21.064,+11.893,+0.973
1657885920,+3.53,+21.089,+11.910,+0.972
1657886520,+3.53,+21.106,+11.857,+0.972
1657887120,+3.53,+21.131,+11.771,+0.971
1657887720,+3.53,+21.156,+12.061,+0.973
1657888320,+3.53,+21.206,+12.008,+0.972
1657888920,+3.53,+21.214,+12.296,+0.972
1657889520,+3.53,+21.206,+12.211,+0.972
1657890120,+3.53,+21.198,+12.026,+0.972
1657890720,+3.53,+21.189,+11.962,+0.972
1657891320,+3.53,+21.164,+11.980,+0.972
1657891920,+3.53,+21.147,+12.066,+0.973
1657892520,+3.53,+21.114,+12.079,+0.973
1657893120,+3.53,+21.047,+12.229,+0.973
1657893720,+3.53,+21.047,+12.023,+0.973
1657894320,+3.53,+21.055,+12.006,+0.973
1657894920,+3.53,+21.072,+11.952,+0.974
1657895520,+3.53,+21.072,+11.948,+0.972
1657896120,+3.53,+21.122,+12.348,+0.972
1657896720,+3.53,+21.156,+12.175,+0.973
1657897320,+3.53,+21.198,+12.013,+0.972
1657897920,+3.53,+21.189,+12.462,+0.973
1657898520,+3.53,+21.198,+12.286,+0.972
1657899120,+3.53,+21.206,+12.419,+0.971
1657899720,+3.53,+21.198,+12.461,+0.973
1657900320,+3.53,+21.181,+12.473,+0.972
1657900920,+3.53,+21.139,+12.513,+0.972
1657901520,+3.53,+21.114,+12.506,+0.973
1657902120,+3.53,+21.072,+12.569,+0.972
1657902720,+3.53,+21.039,+12.226,+0.972
1657903320,+3.53,+21.039,+12.042,+0.972
