7450-425218
OS REV: 1.05 Sensor Cal: 1635264824
Time (sec),  BV (Volts),  T (deg C),  DO (mg/l),  Q ()
1661383920,+3.53,+25.416,+11.471,+0.931
1661384520,+3.53,+25.374,+11.465,+0.931
1661385120,+3.53,+25.408,+11.331,+0.930
1661385720,+3.53,+25.458,+11.950,+0.930
1661386320,+3.53,+25.483,+11.496,+0.932
1661386920,+3.53,+25.492,+11.669,+0.932
1661387520,+3.53,+25.517,+11.646,+0.931
1661388120,+3.53,+25.551,+11.726,+0.932
1661388720,+3.53,+25.576,+12.073,+0.931
1661389320,+3.53,+25.559,+12.158,+0.931
1661389920,+3.53,+25.559,+11.981,+0.932
1661390520,+3.53,+25.551,+12.325,+0.931
1661391120,+3.53,+25.542,+12.045,+0.931
1661391720,+3.53,+25.534,+11.589,+0.931
1661392320,+3.53,+25.559,+11.777,+0.931
1661392920,+3.53,+25.517,+11.000,+0.931
1661393520,+3.53,+25.467, +9.309,+0.931
1661394120,+3.53,+25.450, +7.803,+0.931
1661394720,+3.53,+25.483, +6.713,+0.930
1661395320,+3.53,+25.458, +7.662,+0.931
1661395920,+3.53,+25.458, +8.080,+0.931
1661396520,+3.53,+25.433, +8.124,+0.931
1661397120,+3.53,+25.424, +7.960,+0.931
1661397720,+3.53,+25.467, +7.760,+0.931
1661398320,+3.53,+25.399, +7.480,+0.931
1661398920,+3.53,+25.382, +7.739,+0.931
1661399520,+3.53,+25.374, +7.495,+0.931
1661400120,+3.53,+25.340, +6.861,+0.930
1661400720,+3.53,+25.340, +6.250,+0.931
1661401320,+3.53,+25.349, +5.682,+0.930
1661401920,+3.53,+25.357, +4.974,+0.930
1661402520,+3.53,+25.382, +4.705,+0.930
1661403120,+3.53,+25.374, +5.550,+0.931
1661403720,+3.53,+25.374, +5.772,+0.931
1661404320,+3.53,+25.357, +5.804,+0.930
1661404920,+3.53,+25.349, +5.803,+0.932
1661405520,+3.53,+25.349, +5.384,+0.931
1661406120,+3.53,+25.332, +5.185,+0.931
1661406720,+3.53,+25.290, +5.099,+0.931
1661407320,+3.53,+25.298, +4.423,+0.931
1661407920,+3.53,+25.307, +3.943,+0.931
1661408520,+3.53,+25.349, +4.570,+0.930
1661409120,+3.53,+25.340, +5.953,+0.931
1661409720,+3.53,+25.340, +6.247,+0.931
1661410320,+3.53,+25.323, +6.270,+0.932
1661410920,+3.53,+25.290, +6.372,+0.932
1661411520,+3.53,+25.315, +6.466,+0.932
1661412120,+3.53,+25.307, +6.817,+0.932
1661412720,+3.52,+25.281, +6.269,+0.931
1661413320,+3.53,+25.290, +5.419,+0.930
1661413920,+3.53,+25.281, +4.770,+0.931
1661414520,+3.53,+25.315, +5.271,+0.931
1661415120,+3.53,+25.340, +4.950,+0.931
1661415720,+3.53,+25.349, +4.983,+0.931
1661416320,+3.53,+25.323, +4.916,+0.932
1661416920,+3.53,+25.332, +5.055,+0.932
1661417520,+3.53,+25.298, +5.152,+0.932
1661418120,+3.53,+25.281, +5.275,+0.931
1661418720,+3.53,+25.264, +4.891,+0.930
1661419320,+3.53,+25.264, +4.280,+0.930
1661419920,+3.53,+25.273, +3.424,+0.931
1661420520,+3.53,+25.298, +3.382,+0.932
1661421120,+3.53,+25.332, +4.942,+0.933
1661421720,+3.53,+25.391, +8.677,+0.932
1661422320,+3.53,+25.357, +9.830,+0.932
1661422920,+3.53,+25.382, +9.826,+0.931
1661423520,+3.53,+25.391,+10.494,+0.931
1661424120,+3.53,+25.399,+10.616,+0.931
1661424720,+3.53,+25.365,+10.759,+0.930
1661425320,+3.53,+25.374,+10.974,+0.932
1661425920,+3.53,+25.382,+11.274,+0.930
1661426520,+3.53,+25.340,+11.103,+0.930
1661427120,+3.53,+25.408,+11.021,+0.931
1661427720,+3.53,+25.374,+10.976,+0.931
1661428320,+3.53,+25.365,+10.644,+0.932
1661428920,+3.53,+25.399,+10.513,+0.931
1661429520,+3.53,+25.408,+10.690,+0.931
1661430120,+3.53,+25.408,+10.631,+0.931
1661430720,+3.53,+25.399,+10.593,+0.931
1661431320,+3.53,+25.374,+10.413,+0.931
1661431920,+3.53,+25.382,+10.329,+0.931
1661432520,+3.53,+25.382,+10.598,+0.931
1661433120,+3.53,+25.408, +9.849,+0.932
1661433720,+3.53,+25.374,+10.652,+0.931
1661434320,+3.53,+25.408,+10.768,+0.932
1661434920,+3.53,+25.408,+10.938,+0.931
1661435520,+3.53,+25.441,+11.435,+0.931
1661436120,+3.53,+25.433,+12.166,+0.932
1661436720,+3.53,+25.424,+11.784,+0.932
1661437320,+3.53,+25.424,+12.000,+0.932
1661437920,+3.53,+25.408,+12.021,+0.931
1661438520,+3.53,+25.441,+12.620,+0.931
1661439120,+3.53,+25.500,+12.449,+0.930
1661439720,+3.53,+25.450,+11.980,+0.931
1661440320,+3.53,+25.450,+10.959,+0.930
1661440920,+3.53,+25.517,+11.696,+0.931
1661441520,+3.53,+25.500,+11.989,+0.931
1661442120,+3.53,+25.526,+11.862,+0.930
1661442720,+3.53,+25.467,+11.806,+0.931
1661443320,+3.53,+25.441,+11.072,+0.932
1661443920,+3.53,+25.458,+10.865,+0.931
1661444520,+3.53,+25.467,+11.076,+0.932
1661445120,+3.53,+25.450,+11.302,+0.931
1661445720,+3.53,+25.424,+11.042,+0.931
1661446320,+3.53,+25.433,+11.249,+0.931
1661446920,+3.53,+25.458,+11.692,+0.931
1661447520,+3.53,+25.483,+12.147,+0.931
1661448120,+3.53,+25.526,+12.074,+0.931
1661448720,+3.53,+25.568,+11.993,+0.930
1661449320,+3.53,+25.601,+12.825,+0.931
1661449920,+3.53,+25.593,+12.391,+0.930
1661450520,+3.53,+25.585,+11.971,+0.931
1661451120,+3.53,+25.559,+12.092,+0.932
1661451720,+3.53,+25.559,+12.043,+0.930
1661452320,+3.53,+25.534,+12.355,+0.931
1661452920,+3.53,+25.483,+11.958,+0.931
1661453520,+3.53,+25.458,+11.275,+0.931
1661454120,+3.53,+25.492,+11.488,+0.931
1661454720,+3.53,+25.458,+11.268,+0.931
1661455320,+3.53,+25.467,+11.601,+0.931
1661455920,+3.53,+25.441,+11.950,+0.931
1661456520,+3.53,+25.424,+11.677,+0.931
1661457120,+3.53,+25.408,+11.459,+0.931
1661457720,+3.53,+25.441,+11.847,+0.931
1661458320,+3.53,+25.483,+12.218,+0.931
1661458920,+3.53,+25.492,+12.025,+0.932
1661459520,+3.53,+25.450,+11.506,+0.930
1661460120,+3.53,+25.526,+11.779,+0.931
1661460720,+3.53,+25.542,+12.341,+0.932
1661461320,+3.53,+25.534,+12.184,+0.929
1661461920,+3.53,+25.559,+12.270,+0.930
1661462520,+3.53,+25.559,+12.525,+0.930
1661463120,+3.53,+25.559,+12.069,+0.931
1661463720,+3.53,+25.534,+11.990,+0.931
1661464320,+3.53,+25.492,+11.604,+0.931
1661464920,+3.53,+25.483,+11.778,+0.932
1661465520,+3.53,+25.467,+11.864,+0.931
1661466120,+3.53,+25.399,+11.983,+0.932
1661466720,+3.53,+25.374,+11.431,+0.932
1661467320,+3.53,+25.357,+11.699,+0.932
1661467920,+3.53,+25.357,+11.834,+0.932
1661468520,+3.53,+25.374,+11.913,+0.930
1661469120,+3.53,+25.365,+11.572,+0.931
1661469720,+3.53,+25.408,+11.993,+0.931
1661470320,+3.53,+25.450,+12.038,+0.932
