7450-425218
OS REV: 1.05 Sensor Cal: 1635264824
Time (sec),  BV (Volts),  T (deg C),  DO (mg/l),  Q ()
1657120920,+3.52,+21.008,+13.577,+0.921
1657121520,+3.52,+21.075,+13.594,+0.920
1657122120,+3.52,+21.142,+13.606,+0.921
1657122720,+3.52,+21.150,+13.580,+0.921
1657123320,+3.52,+21.108,+13.585,+0.921
1657123920,+3.52,+21.075,+13.573,+0.921
1657124520,+3.52,+21.033,+13.635,+0.921
1657125120,+3.52,+20.983,+13.605,+0.920
1657125720,+3.52,+20.941,+13.634,+0.921
1657126320,+3.52,+20.866,+13.702,+0.921
1657126920,+3.52,+20.824,+13.745,+0.921
1657127520,+3.52,+20.757,+13.804,+0.921
1657128120,+3.52,+20.707,+13.906,+0.922
1657128720,+3.52,+20.765,+13.932,+0.921
1657129320,+3.52,+20.841,+14.050,+0.921
1657129920,+3.52,+20.908,+14.203,+0.922
1657130520,+3.52,+20.974,+14.267,+0.921
1657131120,+3.52,+21.025,+14.327,+0.921
1657131720,+3.52,+21.108,+14.255,+0.921
1657132320,+3.52,+21.117,+14.251,+0.921
1657132920,+3.52,+21.075,+14.251,+0.921
1657133520,+3.52,+21.041,+14.414,+0.921
1657134120,+3.52,+20.974,+14.411,+0.921
1657134720,+3.52,+20.941,+14.370,+0.922
1657135320,+3.52,+20.874,+14.363,+0.922
1657135920,+3.52,+20.832,+14.364,+0.921
1657136520,+3.52,+20.790,+14.382,+0.921
1657137120,+3.52,+20.740,+14.436,+0.921
1657137720,+3.52,+20.715,+14.485,+0.920
1657138320,+3.52,+20.740,+14.575,+0.922
1657138920,+3.52,+20.815,+14.549,+0.920
1657139520,+3.52,+24.827,+10.032,+0.920
1657140120,+3.51,+25.290, +9.935,+0.920
1657140720,+3.52,+25.441, +9.892,+0.920
1657141320,+3.52,+25.509, +9.903,+0.921
1657141920,+3.52,+25.526, +9.956,+0.922
1657142520,+3.52,+25.534, +9.987,+0.922
1657143120,+3.52,+25.526, +9.993,+0.922
1657143720,+3.52,+25.551,+10.022,+0.922
1657144320,+3.52,+25.542,+10.080,+0.924
1657144920,+3.52,+25.576,+10.067,+0.922
1657145520,+3.52,+25.559,+10.157,+0.923
1657146120,+3.52,+25.576,+10.196,+0.923
1657146720,+3.52,+25.551,+10.267,+0.924
1657147320,+3.52,+25.559,+10.274,+0.923
1657147920,+3.52,+25.526,+10.324,+0.923
1657148520,+3.52,+25.559,+10.368,+0.924
1657149120,+3.52,+25.534,+10.471,+0.924
1657149720,+3.52,+25.526,+10.522,+0.924
1657150320,+3.52,+25.509,+10.559,+0.924
1657150920,+3.52,+25.534,+10.664,+0.925
1657151520,+3.52,+25.517,+10.725,+0.924
1657152120,+3.52,+25.483,+10.747,+0.925
1657152720,+3.52,+25.475,+10.810,+0.925
1657153320,+3.52,+25.492,+10.993,+0.924
1657153920,+3.52,+25.509,+10.975,+0.925
1657154520,+3.52,+25.509,+10.931,+0.924
1657155120,+3.52,+25.509,+10.963,+0.925
1657155720,+3.52,+25.492,+10.998,+0.924
1657156320,+3.53,+25.500,+10.983,+0.925
1657156920,+3.53,+25.517,+11.057,+0.925
1657157520,+3.52,+25.526,+11.116,+0.924
1657158120,+3.52,+25.475,+10.998,+0.924
1657158720,+3.53,+25.483,+11.111,+0.925
1657159320,+3.53,+25.450,+10.788,+0.925
1657159920,+3.53,+25.424,+10.389,+0.925
1657160520,+3.53,+25.424,+10.330,+0.925
1657161120,+3.53,+25.433,+10.251,+0.925
1657161720,+3.52,+25.382,+10.265,+0.924
1657162320,+3.52,+25.382,+10.148,+0.925
1657162920,+3.52,+25.349,+10.199,+0.924
1657163520,+3.52,+25.315,+10.198,+0.924
1657164120,+3.52,+25.307,+10.188,+0.925
1657164720,+3.52,+25.290,+10.154,+0.925
1657165320,+3.52,+25.290,+10.130,+0.925
1657165920,+3.52,+25.281,+10.099,+0.925
1657166520,+3.52,+25.256,+10.055,+0.925
1657167120,+3.52,+25.248,+10.049,+0.925
1657167720,+3.52,+25.239,+10.029,+0.926
1657168320,+3.52,+25.256, +9.907,+0.925
1657168920,+3.52,+25.264, +9.900,+0.925
1657169520,+3.52,+25.222, +9.954,+0.925
1657170120,+3.52,+25.214, +9.975,+0.926
1657170720,+3.52,+25.214, +9.939,+0.925
1657171320,+3.52,+25.189, +9.896,+0.925
1657171920,+3.52,+25.206, +9.856,+0.925
1657172520,+3.52,+25.189, +9.856,+0.926
1657173120,+3.52,+25.197, +9.799,+0.926
1657173720,+3.52,+25.180, +9.795,+0.925
1657174320,+3.52,+25.189, +9.735,+0.925
1657174920,+3.52,+25.163, +9.744,+0.925
1657175520,+3.52,+25.130, +9.648,+0.926
1657176120,+3.52,+25.113, +9.703,+0.925
1657176720,+3.52,+25.121, +9.646,+0.925
1657177320,+3.52,+25.138, +9.716,+0.926
1657177920,+3.53,+25.147, +9.662,+0.925
1657178520,+3.52,+25.105, +9.654,+0.925
1657179120,+3.53,+25.088, +9.608,+0.925
1657179720,+3.52,+25.079, +9.640,+0.925
1657180320,+3.53,+25.113, +9.547,+0.925
1657180920,+3.52,+25.130, +9.576,+0.925
1657181520,+3.53,+25.113, +9.550,+0.925
1657182120,+3.53,+25.130, +9.486,+0.925
1657182720,+3.52,+25.113, +9.530,+0.926
1657183320,+3.53,+25.121, +9.501,+0.925
1657183920,+3.53,+25.130, +9.482,+0.926
1657184520,+3.53,+25.138, +9.402,+0.925
1657185120,+3.53,+25.155, +9.371,+0.925
1657185720,+3.53,+25.138, +9.363,+0.926
1657186320,+3.53,+25.113, +9.394,+0.925
1657186920,+3.53,+25.138, +9.363,+0.926
1657187520,+3.53,+25.155, +9.805,+0.925
1657188120,+3.52,+25.155,+10.467,+0.925
1657188720,+3.53,+25.155,+10.521,+0.926
1657189320,+3.53,+25.180,+10.675,+0.925
1657189920,+3.53,+25.189,+10.624,+0.925
1657190520,+3.53,+25.206,+10.652,+0.925
1657191120,+3.53,+25.214,+10.779,+0.926
1657191720,+3.53,+25.222,+10.854,+0.926
1657192320,+3.53,+25.290,+11.216,+0.925
1657192920,+3.52,+25.273,+11.200,+0.925
1657193520,+3.53,+25.264,+11.053,+0.926
1657194120,+3.53,+25.298,+11.230,+0.926
1657194720,+3.53,+25.290,+11.399,+0.925
1657195320,+3.53,+25.290,+11.638,+0.925
1657195920,+3.53,+25.281,+11.509,+0.926
1657196520,+3.53,+25.298,+11.474,+0.925
1657197120,+3.53,+25.332,+11.738,+0.926
1657197720,+3.53,+25.340,+11.685,+0.926
1657198320,+3.53,+25.357,+11.753,+0.926
1657198920,+3.53,+25.365,+11.738,+0.926
1657199520,+3.53,+25.349,+11.698,+0.925
1657200120,+3.53,+25.357,+11.721,+0.927
1657200720,+3.53,+25.374,+12.095,+0.925
1657201320,+3.53,+25.357,+12.206,+0.925
1657201920,+3.53,+25.382,+12.147,+0.926
1657202520,+3.53,+25.391,+12.145,+0.926
1657203120,+3.53,+25.416,+12.098,+0.925
1657203720,+3.53,+25.408,+12.013,+0.925
1657204320,+3.53,+25.424,+12.148,+0.927
1657204920,+3.53,+25.424,+12.070,+0.925
1657205520,+3.53,+25.450,+12.184,+0.926
1657206120,+3.53,+25.433,+12.272,+0.926
1657206720,+3.53,+25.433,+12.258,+0.925
1657207320,+3.53,+25.467,+12.528,+0.926
