7450-425218
OS REV: 1.05 Sensor Cal: 1635264824
Time (sec),  BV (Volts),  T (deg C),  DO (mg/l),  Q ()
1659643920,+3.53,+25.096,+12.003,+0.927
1659644520,+3.53,+25.130,+12.246,+0.927
1659645120,+3.53,+25.155,+12.243,+0.927
1659645720,+3.53,+25.130,+12.105,+0.927
1659646320,+3.53,+25.121,+12.078,+0.928
1659646920,+3.53,+25.113,+12.021,+0.928
1659647520,+3.53,+25.105,+12.041,+0.927
1659648120,+3.53,+25.121,+12.013,+0.927
1659648720,+3.53,+25.105,+12.183,+0.928
1659649320,+3.53,+25.147,+12.341,+0.927
1659649920,+3.53,+25.155,+12.369,+0.927
1659650520,+3.53,+25.163,+12.434,+0.927
1659651120,+3.53,+25.130,+12.212,+0.927
1659651720,+3.53,+25.147,+12.378,+0.926
1659652320,+3.53,+25.130,+12.483,+0.928
1659652920,+3.53,+25.105,+12.595,+0.927
1659653520,+3.53,+25.088,+12.446,+0.927
1659654120,+3.53,+25.096,+12.232,+0.927
1659654720,+3.53,+25.088,+12.069,+0.927
1659655320,+3.53,+25.113,+12.145,+0.928
1659655920,+3.53,+25.088,+12.140,+0.927
1659656520,+3.53,+25.088,+12.125,+0.927
1659657120,+3.53,+25.113,+12.197,+0.928
1659657720,+3.53,+25.121,+12.467,+0.927
1659658320,+3.53,+25.121,+12.551,+0.926
1659658920,+3.53,+25.105,+12.235,+0.926
1659659520,+3.53,+25.113,+12.214,+0.927
1659660120,+3.53,+25.096,+12.395,+0.928
1659660720,+3.53,+25.088,+12.403,+0.927
1659661320,+3.53,+25.113,+12.311,+0.926
1659661920,+3.53,+25.113,+12.237,+0.928
1659662520,+3.53,+25.130,+12.377,+0.928
1659663120,+3.53,+25.113,+12.335,+0.927
1659663720,+3.53,+25.096,+12.242,+0.928
1659664320,+3.53,+25.105,+12.240,+0.928
1659664920,+3.53,+25.054,+11.166,+0.928
1659665520,+3.53,+25.037, +7.958,+0.928
1659666120,+3.53,+25.020, +6.692,+0.929
1659666720,+3.53,+25.037, +6.171,+0.928
1659667320,+3.53,+25.020, +5.951,+0.928
1659667920,+3.53,+24.987, +5.750,+0.928
1659668520,+3.53,+24.945, +5.824,+0.928
1659669120,+3.53,+24.970, +5.638,+0.929
1659669720,+3.53,+24.936, +5.462,+0.928
1659670320,+3.53,+24.936, +5.439,+0.929
1659670920,+3.53,+24.945, +5.514,+0.929
1659671520,+3.53,+24.911, +5.484,+0.929
1659672120,+3.53,+24.886, +5.618,+0.928
1659672720,+3.53,+24.903, +5.591,+0.928
1659673320,+3.53,+24.877, +5.226,+0.928
1659673920,+3.53,+24.852, +5.391,+0.929
1659674520,+3.53,+24.844, +5.540,+0.928
1659675120,+3.53,+24.852, +5.372,+0.928
1659675720,+3.53,+24.802, +5.359,+0.928
1659676320,+3.53,+24.802, +5.570,+0.928
1659676920,+3.53,+24.793, +5.548,+0.928
1659677520,+3.53,+24.793, +5.466,+0.928
1659678120,+3.53,+24.785, +5.293,+0.928
1659678720,+3.53,+24.785, +5.329,+0.928
1659679320,+3.53,+24.776, +5.392,+0.928
1659679920,+3.53,+24.760, +5.333,+0.928
1659680520,+3.53,+24.751, +5.150,+0.928
1659681120,+3.53,+24.718, +5.278,+0.928
1659681720,+3.53,+24.718, +5.364,+0.928
1659682320,+3.53,+24.768, +5.352,+0.929
1659682920,+3.53,+24.760, +5.293,+0.929
1659683520,+3.53,+24.776, +5.291,+0.928
1659684120,+3.53,+24.751, +5.299,+0.929
1659684720,+3.53,+24.760, +5.329,+0.928
1659685320,+3.53,+24.768, +5.329,+0.929
1659685920,+3.53,+24.776, +5.265,+0.929
1659686520,+3.53,+24.768, +5.180,+0.928
1659687120,+3.53,+24.760, +5.322,+0.928
1659687720,+3.53,+24.751, +5.303,+0.929
1659688320,+3.53,+24.751, +5.259,+0.929
1659688920,+3.53,+24.734, +5.188,+0.929
1659689520,+3.53,+24.709, +5.192,+0.929
1659690120,+3.53,+24.726, +5.107,+0.929
1659690720,+3.53,+24.718, +5.067,+0.928
1659691320,+3.53,+24.718, +4.981,+0.929
1659691920,+3.53,+24.701, +4.935,+0.929
1659692520,+3.53,+24.684, +5.018,+0.929
1659693120,+3.53,+24.701, +6.378,+0.929
1659693720,+3.53,+24.734, +9.253,+0.928
1659694320,+3.53,+24.743,+10.250,+0.927
1659694920,+3.53,+24.776,+10.835,+0.928
1659695520,+3.53,+24.785,+10.970,+0.927
1659696120,+3.53,+24.785,+11.019,+0.928
1659696720,+3.53,+24.776,+11.042,+0.928
1659697320,+3.53,+24.793,+11.160,+0.927
1659697920,+3.53,+24.827,+11.255,+0.927
1659698520,+3.53,+24.886,+11.486,+0.928
1659699120,+3.53,+24.827,+11.428,+0.927
1659699720,+3.53,+24.819,+11.329,+0.926
1659700320,+3.53,+24.802,+11.428,+0.928
1659700920,+3.53,+24.802,+11.429,+0.927
1659701520,+3.53,+24.810,+11.373,+0.927
1659702120,+3.53,+24.810,+11.377,+0.928
1659702720,+3.53,+24.819,+11.443,+0.927
1659703320,+3.53,+24.861,+11.349,+0.927
1659703920,+3.53,+24.894,+11.625,+0.927
1659704520,+3.53,+24.903,+11.830,+0.929
1659705120,+3.53,+24.903,+11.714,+0.927
1659705720,+3.53,+24.894,+11.609,+0.928
1659706320,+3.53,+24.852,+11.444,+0.927
1659706920,+3.53,+24.861,+11.589,+0.927
1659707520,+3.53,+24.869,+12.421,+0.928
1659708120,+3.53,+24.852,+12.087,+0.928
1659708720,+3.53,+24.852,+11.620,+0.927
1659709320,+3.53,+24.852,+11.463,+0.928
1659709920,+3.53,+24.894,+11.404,+0.927
1659710520,+3.53,+24.919,+11.581,+0.928
1659711120,+3.53,+24.919,+11.627,+0.928
1659711720,+3.53,+24.961,+11.608,+0.928
1659712320,+3.53,+24.978,+11.661,+0.928
1659712920,+3.53,+24.970,+11.623,+0.927
1659713520,+3.53,+24.953,+11.433,+0.927
1659714120,+3.53,+25.004,+11.637,+0.926
1659714720,+3.53,+25.029,+11.782,+0.927
1659715320,+3.53,+25.037,+11.766,+0.927
1659715920,+3.53,+25.046,+11.784,+0.927
1659716520,+3.53,+25.079,+11.987,+0.928
1659717120,+3.53,+25.029,+11.930,+0.927
1659717720,+3.53,+25.037,+11.783,+0.927
1659718320,+3.53,+25.046,+11.711,+0.928
1659718920,+3.53,+25.054,+11.805,+0.927
1659719520,+3.53,+25.071,+12.005,+0.927
1659720120,+3.53,+25.062,+11.864,+0.927
1659720720,+3.53,+25.062,+11.982,+0.927
1659721320,+3.53,+25.088,+12.101,+0.927
1659721920,+3.53,+25.054,+12.242,+0.928
1659722520,+3.53,+25.029,+12.190,+0.928
1659723120,+3.53,+25.012,+12.019,+0.928
1659723720,+3.53,+25.046,+12.067,+0.928
1659724320,+3.53,+25.062,+12.367,+0.927
1659724920,+3.53,+25.046,+12.187,+0.928
1659725520,+3.53,+25.071,+12.073,+0.927
1659726120,+3.53,+25.062,+12.117,+0.928
1659726720,+3.53,+25.037, +9.042,+0.927
1659727320,+3.53,+25.062, +9.155,+0.927
1659727920,+3.53,+25.088, +9.175,+0.928
1659728520,+3.53,+25.096, +9.206,+0.928
1659729120,+3.53,+25.130, +9.255,+0.927
1659729720,+3.53,+25.130, +9.251,+0.927
1659730320,+3.53,+25.121, +9.277,+0.928
