7450-425218
OS REV: 1.05 Sensor Cal: 1635264824
Time (sec),  BV (Volts),  T (deg C),  DO (mg/l),  Q ()
1657642920,+3.53,+25.357,+13.346,+0.928
1657643520,+3.53,+25.357,+13.266,+0.928
1657644120,+3.53,+25.349,+13.145,+0.928
1657644720,+3.53,+25.374,+13.361,+0.929
1657645320,+3.53,+25.382,+13.606,+0.929
1657645920,+3.53,+25.399,+13.430,+0.927
1657646520,+3.53,+25.391,+13.297,+0.928
1657647120,+3.53,+25.399,+13.310,+0.929
1657647720,+3.53,+25.391,+13.387,+0.928
1657648320,+3.53,+25.408,+13.495,+0.928
1657648920,+3.53,+25.391,+13.594,+0.929
1657649520,+3.53,+25.382,+13.499,+0.928
1657650120,+3.53,+25.408,+13.595,+0.927
1657650720,+3.53,+25.399,+13.899,+0.928
1657651320,+3.53,+25.441,+13.889,+0.928
1657651920,+3.53,+25.424,+14.083,+0.928
1657652520,+3.53,+25.408,+14.008,+0.927
1657653120,+3.53,+25.433,+14.073,+0.927
1657653720,+3.53,+25.399,+14.035,+0.927
1657654320,+3.53,+25.391,+13.967,+0.928
1657654920,+3.53,+25.416,+13.919,+0.928
1657655520,+3.53,+25.458,+14.201,+0.928
1657656120,+3.53,+25.450,+14.430,+0.929
1657656720,+3.53,+25.450,+14.147,+0.928
1657657320,+3.53,+25.492,+14.126,+0.927
1657657920,+3.53,+25.475,+14.005,+0.929
1657658520,+3.53,+25.450,+13.821,+0.929
1657659120,+3.53,+25.458,+13.720,+0.928
1657659720,+3.53,+25.450,+13.793,+0.928
1657660320,+3.53,+25.467,+13.870,+0.929
1657660920,+3.53,+25.450,+13.739,+0.928
1657661520,+3.53,+25.475,+13.877,+0.928
1657662120,+3.53,+25.424,+13.895,+0.927
1657662720,+3.53,+25.467,+13.893,+0.928
1657663320,+3.53,+25.441,+13.956,+0.928
1657663920,+3.53,+25.450,+14.104,+0.928
1657664520,+3.53,+25.408,+14.099,+0.927
1657665120,+3.53,+25.441,+14.151,+0.928
1657665720,+3.53,+25.433,+14.040,+0.929
1657666320,+3.53,+25.416,+14.088,+0.928
1657666920,+3.53,+25.424,+14.118,+0.928
1657667520,+3.53,+25.433,+13.939,+0.928
1657668120,+3.53,+25.424,+13.768,+0.929
1657668720,+3.53,+25.458,+13.796,+0.929
1657669320,+3.53,+25.450,+13.739,+0.928
1657669920,+3.53,+25.475,+13.699,+0.928
1657670520,+3.53,+25.483,+13.834,+0.928
1657671120,+3.53,+25.441,+13.647,+0.927
1657671720,+3.53,+25.492,+13.909,+0.928
1657672320,+3.53,+25.458,+13.841,+0.928
1657672920,+3.53,+25.500,+13.908,+0.929
1657673520,+3.53,+25.500,+14.033,+0.929
1657674120,+3.53,+25.509,+13.889,+0.928
1657674720,+3.53,+25.509,+13.884,+0.928
1657675320,+3.53,+25.492,+13.759,+0.927
1657675920,+3.53,+25.509,+13.800,+0.930
1657676520,+3.53,+25.483,+13.854,+0.928
1657677120,+3.53,+25.483,+13.875,+0.929
1657677720,+3.53,+25.424,+12.796,+0.929
1657678320,+3.53,+25.408,+10.597,+0.928
1657678920,+3.53,+25.408, +9.707,+0.927
1657679520,+3.53,+25.382, +9.252,+0.927
1657680120,+3.53,+25.374, +8.986,+0.927
1657680720,+3.53,+25.349, +8.866,+0.927
1657681320,+3.53,+25.340, +8.762,+0.927
1657681920,+3.53,+25.340, +8.591,+0.927
1657682520,+3.53,+25.315, +8.513,+0.926
1657683120,+3.53,+25.307, +8.511,+0.927
1657683720,+3.53,+25.307, +8.441,+0.927
1657684320,+3.53,+25.281, +8.425,+0.927
1657684920,+3.53,+25.248, +8.371,+0.927
1657685520,+3.53,+25.264, +8.164,+0.927
1657686120,+3.53,+25.239, +8.085,+0.927
1657686720,+3.53,+25.239, +8.210,+0.927
1657687320,+3.53,+25.231, +8.222,+0.927
1657687920,+3.53,+25.222, +8.137,+0.927
1657688520,+3.53,+25.231, +8.087,+0.928
1657689120,+3.53,+25.222, +8.038,+0.927
1657689720,+3.53,+25.222, +7.987,+0.927
1657690320,+3.53,+25.206, +8.023,+0.927
1657690920,+3.53,+25.231, +8.116,+0.927
1657691520,+3.53,+25.239, +7.896,+0.926
1657692120,+3.53,+25.231, +7.849,+0.927
1657692720,+3.53,+25.206, +7.956,+0.927
1657693320,+3.53,+25.214, +8.036,+0.927
1657693920,+3.53,+25.189, +7.983,+0.927
1657694520,+3.53,+25.180, +7.826,+0.927
1657695120,+3.53,+25.197, +7.953,+0.927
1657695720,+3.53,+25.180, +7.919,+0.927
1657696320,+3.53,+25.180, +7.842,+0.927
1657696920,+3.53,+25.163, +7.788,+0.927
1657697520,+3.53,+25.155, +7.821,+0.927
1657698120,+3.53,+25.138, +7.790,+0.927
1657698720,+3.53,+25.130, +7.643,+0.927
1657699320,+3.53,+25.130, +7.675,+0.927
1657699920,+3.53,+25.113, +7.617,+0.927
1657700520,+3.53,+25.121, +7.565,+0.927
1657701120,+3.53,+25.113, +7.653,+0.927
1657701720,+3.53,+25.088, +7.660,+0.927
1657702320,+3.53,+25.062, +7.531,+0.927
1657702920,+3.53,+25.105, +7.540,+0.928
1657703520,+3.53,+25.113, +7.483,+0.927
1657704120,+3.53,+25.096, +7.538,+0.927
1657704720,+3.53,+25.088, +7.516,+0.927
1657705320,+3.53,+25.096, +7.492,+0.928
1657705920,+3.53,+25.155, +8.622,+0.928
1657706520,+3.53,+25.206,+11.160,+0.929
1657707120,+3.53,+25.180,+12.036,+0.928
1657707720,+3.53,+25.172,+12.418,+0.928
1657708320,+3.53,+25.172,+12.544,+0.928
1657708920,+3.53,+25.180,+12.447,+0.927
1657709520,+3.53,+25.189,+12.436,+0.928
1657710120,+3.53,+25.239,+12.512,+0.928
1657710720,+3.53,+25.231,+12.589,+0.927
1657711320,+3.53,+25.264,+12.818,+0.927
1657711920,+3.53,+25.281,+12.759,+0.927
1657712520,+3.53,+25.281,+12.907,+0.928
1657713120,+3.53,+25.273,+12.924,+0.928
1657713720,+3.53,+25.298,+13.197,+0.929
1657714320,+3.53,+25.273,+13.337,+0.928
1657714920,+3.53,+25.264,+13.227,+0.928
1657715520,+3.53,+25.281,+13.163,+0.929
1657716120,+3.53,+25.290,+13.201,+0.928
1657716720,+3.53,+25.307,+13.141,+0.929
1657717320,+3.53,+25.307,+13.209,+0.928
1657717920,+3.53,+25.264,+12.807,+0.928
1657718520,+3.53,+25.290,+12.784,+0.929
1657719120,+3.53,+25.298,+13.104,+0.928
1657719720,+3.53,+25.273,+13.000,+0.928
1657720320,+3.53,+25.290,+13.066,+0.927
1657720920,+3.53,+25.290,+13.026,+0.928
1657721520,+3.53,+25.298,+12.889,+0.927
1657722120,+3.53,+25.307,+12.830,+0.928
1657722720,+3.53,+25.307,+12.934,+0.929
1657723320,+3.53,+25.340,+13.148,+0.928
1657723920,+3.53,+25.357,+13.408,+0.928
1657724520,+3.53,+25.349,+13.376,+0.928
1657725120,+3.53,+25.315,+13.365,+0.927
1657725720,+3.53,+25.340,+13.203,+0.928
1657726320,+3.53,+25.382,+13.234,+0.928
1657726920,+3.53,+25.391,+13.367,+0.928
1657727520,+3.53,+25.391,+13.280,+0.929
1657728120,+3.53,+25.399,+13.237,+0.928
1657728720,+3.53,+25.408,+13.061,+0.927
1657729320,+3.53,+25.416,+13.180,+0.928
