7450-425218
OS REV: 1.05 Sensor Cal: 1635264824
Time (sec),  BV (Volts),  T (deg C),  DO (mg/l),  Q ()
1660600920,+3.52,+25.138, +9.671,+0.928
1660601520,+3.53,+25.130, +9.670,+0.929
1660602120,+3.53,+25.138, +9.790,+0.929
1660602720,+3.53,+25.113, +9.746,+0.929
1660603320,+3.52,+25.138, +9.757,+0.929
1660603920,+3.53,+25.138, +9.715,+0.928
1660604520,+3.53,+25.138, +9.643,+0.929
1660605120,+3.53,+25.138, +9.774,+0.928
1660605720,+3.53,+25.121, +9.576,+0.929
1660606320,+3.53,+25.138, +9.788,+0.929
1660606920,+3.53,+25.155, +9.958,+0.929
1660607520,+3.53,+25.189,+10.117,+0.928
1660608120,+3.52,+25.197,+10.277,+0.929
1660608720,+3.53,+25.206,+10.121,+0.929
1660609320,+3.53,+25.189,+10.014,+0.929
1660609920,+3.52,+25.214, +9.906,+0.929
1660610520,+3.53,+25.197, +9.921,+0.929
1660611120,+3.53,+25.197,+10.024,+0.928
1660611720,+3.53,+25.180,+10.052,+0.929
1660612320,+3.53,+25.147, +9.971,+0.929
1660612920,+3.53,+25.138, +9.748,+0.928
1660613520,+3.53,+25.121, +9.834,+0.929
1660614120,+3.53,+25.163, +9.854,+0.929
1660614720,+3.53,+25.163, +9.707,+0.929
1660615320,+3.53,+25.147, +9.234,+0.929
1660615920,+3.53,+25.121, +8.449,+0.929
1660616520,+3.53,+25.088, +8.337,+0.929
1660617120,+3.53,+25.079, +8.221,+0.930
1660617720,+3.53,+25.088, +7.721,+0.929
1660618320,+3.53,+25.062, +7.880,+0.929
1660618920,+3.53,+25.071, +7.912,+0.930
1660619520,+3.53,+25.062, +8.046,+0.929
1660620120,+3.53,+25.046, +8.129,+0.929
1660620720,+3.53,+25.020, +8.141,+0.929
1660621320,+3.53,+25.004, +8.067,+0.929
1660621920,+3.53,+24.987, +7.942,+0.929
1660622520,+3.53,+24.970, +7.904,+0.929
1660623120,+3.53,+24.978, +7.705,+0.929
1660623720,+3.53,+25.020, +7.540,+0.930
1660624320,+3.53,+24.987, +7.850,+0.930
1660624920,+3.53,+24.987, +8.008,+0.929
1660625520,+3.53,+24.978, +7.968,+0.930
1660626120,+3.53,+24.995, +7.808,+0.930
1660626720,+3.53,+24.953, +7.900,+0.929
1660627320,+3.53,+24.961, +7.644,+0.930
1660627920,+3.53,+24.945, +7.818,+0.929
1660628520,+3.53,+24.953, +7.758,+0.930
1660629120,+3.53,+24.978, +7.578,+0.930
1660629720,+3.53,+24.961, +7.753,+0.930
1660630320,+3.53,+24.961, +7.665,+0.929
1660630920,+3.53,+24.970, +7.764,+0.929
1660631520,+3.53,+24.945, +7.773,+0.929
1660632120,+3.53,+24.928, +7.420,+0.929
1660632720,+3.53,+24.945, +7.530,+0.929
1660633320,+3.53,+24.961, +7.350,+0.930
1660633920,+3.53,+24.961, +7.241,+0.930
1660634520,+3.53,+24.970, +7.451,+0.930
1660635120,+3.53,+24.953, +7.541,+0.930
1660635720,+3.53,+24.928, +7.561,+0.930
1660636320,+3.53,+24.903, +7.516,+0.930
1660636920,+3.53,+24.919, +7.428,+0.929
1660637520,+3.53,+24.903, +7.431,+0.930
1660638120,+3.53,+24.945, +7.395,+0.930
1660638720,+3.53,+24.936, +7.296,+0.930
1660639320,+3.53,+24.970, +7.274,+0.930
1660639920,+3.53,+24.953, +7.421,+0.930
1660640520,+3.53,+24.945, +7.391,+0.929
1660641120,+3.53,+24.911, +7.435,+0.930
1660641720,+3.53,+24.919, +7.369,+0.930
1660642320,+3.53,+24.919, +7.136,+0.930
1660642920,+3.53,+24.936, +7.081,+0.930
1660643520,+3.53,+24.970, +7.241,+0.929
1660644120,+3.53,+25.029, +8.585,+0.929
1660644720,+3.53,+24.961, +8.571,+0.930
1660645320,+3.53,+24.978, +8.556,+0.930
1660645920,+3.53,+24.978, +8.683,+0.929
1660646520,+3.53,+24.995, +8.674,+0.929
1660647120,+3.53,+24.987, +8.837,+0.929
1660647720,+3.53,+24.987, +8.869,+0.930
1660648320,+3.53,+25.004, +8.773,+0.930
1660648920,+3.53,+25.046, +8.806,+0.930
1660649520,+3.53,+25.071, +9.018,+0.929
1660650120,+3.53,+25.046, +9.197,+0.929
1660650720,+3.53,+24.995, +8.812,+0.929
1660651320,+3.53,+25.020, +8.930,+0.928
1660651920,+3.53,+25.012, +8.905,+0.929
1660652520,+3.53,+25.012, +8.925,+0.930
1660653120,+3.53,+25.071, +8.872,+0.929
1660653720,+3.53,+25.096, +9.033,+0.929
1660654320,+3.53,+25.172, +9.329,+0.929
1660654920,+3.53,+25.172, +9.186,+0.929
1660655520,+3.53,+25.071, +8.839,+0.929
1660656120,+3.53,+25.054, +8.835,+0.929
1660656720,+3.53,+25.054, +8.960,+0.929
1660657320,+3.53,+25.088, +8.991,+0.929
1660657920,+3.53,+25.096, +9.073,+0.928
1660658520,+3.53,+25.096, +9.124,+0.929
1660659120,+3.53,+25.121, +9.084,+0.929
1660659720,+3.53,+25.079, +9.011,+0.930
1660660320,+3.53,+25.163, +9.342,+0.930
1660660920,+3.53,+25.138, +9.393,+0.929
1660661520,+3.53,+25.130, +9.218,+0.929
1660662120,+3.53,+25.088, +9.127,+0.928
1660662720,+3.53,+25.088, +9.034,+0.929
1660663320,+3.53,+25.096, +9.125,+0.929
1660663920,+3.53,+25.096, +9.198,+0.929
1660664520,+3.53,+25.121, +9.123,+0.929
1660665120,+3.53,+25.130, +9.088,+0.929
1660665720,+3.53,+25.155, +9.117,+0.929
1660666320,+3.53,+25.147, +9.122,+0.929
1660666920,+3.53,+25.130, +9.158,+0.929
1660667520,+3.53,+25.163, +9.313,+0.928
1660668120,+3.53,+25.163, +9.571,+0.929
1660668720,+3.53,+25.189, +9.605,+0.929
1660669320,+3.53,+25.206, +9.998,+0.930
1660669920,+3.53,+25.172, +9.539,+0.929
1660670520,+3.53,+25.163, +9.300,+0.929
1660671120,+3.53,+25.121, +9.247,+0.929
1660671720,+3.53,+25.046, +9.227,+0.929
1660672320,+3.53,+25.046, +9.572,+0.929
1660672920,+3.53,+24.978, +9.411,+0.929
1660673520,+3.53,+25.029, +9.355,+0.930
1660674120,+3.53,+25.029, +9.705,+0.930
1660674720,+3.53,+25.037, +9.423,+0.928
1660675320,+3.53,+25.054, +9.577,+0.929
1660675920,+3.53,+25.071, +9.535,+0.929
1660676520,+3.53,+25.062, +9.786,+0.929
1660677120,+3.53,+25.054, +9.701,+0.929
1660677720,+3.53,+25.071, +9.632,+0.929
1660678320,+3.53,+25.054, +9.703,+0.929
1660678920,+3.53,+25.046, +9.431,+0.929
1660679520,+3.53,+25.105, +9.581,+0.929
1660680120,+3.53,+25.096, +9.590,+0.929
1660680720,+3.53,+25.088, +9.525,+0.929
1660681320,+3.53,+25.096, +9.402,+0.929
1660681920,+3.53,+25.113, +9.512,+0.929
1660682520,+3.53,+25.079, +9.456,+0.929
1660683120,+3.53,+25.088, +9.576,+0.929
1660683720,+3.53,+25.062, +9.597,+0.929
1660684320,+3.53,+25.105,+10.148,+0.928
1660684920,+3.53,+25.172,+10.398,+0.930
1660685520,+3.53,+25.189,+10.276,+0.929
1660686120,+3.53,+25.197,+10.296,+0.928
1660686720,+3.53,+25.155,+10.704,+0.929
1660687320,+3.53,+25.172,+10.164,+0.929
