7450-886331
OS REV: 1.05 Sensor Cal: 1635269547
Time (sec),  BV (Volts),  T (deg C),  DO (mg/l),  Q ()
1661384100,+3.51,+15.810,+14.068,+0.941
1661384700,+3.51,+15.776,+13.783,+0.941
1661385300,+3.51,+15.776,+13.692,+0.942
1661385900,+3.51,+15.819,+13.591,+0.941
1661386500,+3.51,+15.853,+13.575,+0.941
1661387100,+3.51,+15.879,+13.606,+0.941
1661387700,+3.51,+15.913,+13.704,+0.941
1661388300,+3.51,+15.973,+13.706,+0.941
1661388900,+3.51,+15.990,+13.466,+0.940
1661389500,+3.51,+16.007,+12.671,+0.941
1661390100,+3.51,+16.015,+12.532,+0.940
1661390700,+3.51,+16.015,+13.010,+0.941
1661391300,+3.51,+16.015,+12.850,+0.941
1661391900,+3.51,+15.990,+13.049,+0.941
1661392500,+3.51,+15.990,+13.139,+0.941
1661393100,+3.51,+15.973,+12.795,+0.940
1661393700,+3.51,+15.879, +9.928,+0.941
1661394300,+3.51,+15.836, +8.463,+0.941
1661394900,+3.51,+15.819, +7.849,+0.941
1661395500,+3.51,+15.776, +7.300,+0.941
1661396100,+3.51,+15.742, +6.687,+0.942
1661396700,+3.50,+15.699, +6.021,+0.942
1661397300,+3.50,+15.691, +5.638,+0.942
1661397900,+3.50,+15.648, +5.480,+0.943
1661398500,+3.50,+15.656, +4.762,+0.942
1661399100,+3.50,+15.673, +4.269,+0.942
1661399700,+3.50,+15.682, +4.050,+0.942
1661400300,+3.50,+15.708, +4.425,+0.939
1661400900,+3.51,+15.733, +5.546,+0.941
1661401500,+3.51,+15.759, +6.319,+0.941
1661402100,+3.51,+15.802, +6.486,+0.942
1661402700,+3.51,+15.810, +6.424,+0.941
1661403300,+3.51,+15.845, +6.465,+0.941
1661403900,+3.51,+15.836, +6.110,+0.942
1661404500,+3.51,+15.853, +5.477,+0.942
1661405100,+3.51,+15.862, +4.871,+0.942
1661405700,+3.51,+15.819, +3.854,+0.943
1661406300,+3.51,+15.810, +2.975,+0.942
1661406900,+3.51,+15.802, +2.497,+0.943
1661407500,+3.51,+15.785, +1.884,+0.940
1661408100,+3.51,+15.725, +1.252,+0.937
1661408700,+3.50,+15.691, +1.062,+0.931
1661409300,+3.50,+15.673, +2.303,+0.917
1661409900,+3.50,+15.648, +4.125,+0.936
1661410500,+3.50,+15.648, +4.808,+0.940
1661411100,+3.50,+15.648, +5.446,+0.941
1661411700,+3.50,+15.631, +5.840,+0.941
1661412300,+3.50,+15.665, +6.113,+0.942
1661412900,+3.50,+15.665, +6.194,+0.941
1661413500,+3.50,+15.699, +6.217,+0.942
1661414100,+3.51,+15.742, +6.238,+0.941
1661414700,+3.51,+15.785, +6.449,+0.941
1661415300,+3.51,+15.802, +6.460,+0.941
1661415900,+3.51,+15.827, +6.277,+0.942
1661416500,+3.51,+15.836, +5.707,+0.942
1661417100,+3.51,+15.845, +4.738,+0.942
1661417700,+3.51,+15.810, +4.254,+0.941
1661418300,+3.51,+15.810, +4.278,+0.940
1661418900,+3.51,+15.819, +4.169,+0.942
1661419500,+3.51,+15.785, +4.005,+0.941
1661420100,+3.51,+15.742, +4.055,+0.939
1661420700,+3.50,+15.699, +4.189,+0.941
1661421300,+3.50,+15.673, +4.129,+0.940
1661421900,+3.50,+15.699, +5.474,+0.941
1661422500,+3.50,+15.716, +8.988,+0.941
1661423100,+3.50,+15.699,+11.394,+0.941
1661423700,+3.50,+15.691,+12.238,+0.941
1661424300,+3.50,+15.708,+12.584,+0.941
1661424900,+3.51,+15.750,+12.785,+0.941
1661425500,+3.51,+15.776,+12.480,+0.940
1661426100,+3.51,+15.836,+12.730,+0.941
1661426700,+3.51,+15.853,+13.120,+0.941
1661427300,+3.51,+15.904,+13.350,+0.941
1661427900,+3.51,+15.913,+13.385,+0.941
1661428500,+3.51,+15.956,+13.194,+0.939
1661429100,+3.51,+15.964,+13.101,+0.941
1661429700,+3.51,+15.964,+13.257,+0.941
1661430300,+3.51,+15.990,+13.366,+0.941
1661430900,+3.51,+15.956,+13.448,+0.941
1661431500,+3.51,+15.964,+13.497,+0.940
1661432100,+3.51,+15.947,+13.548,+0.941
1661432700,+3.51,+15.930,+13.520,+0.941
1661433300,+3.51,+15.904,+13.468,+0.941
1661433900,+3.51,+15.862,+13.592,+0.941
1661434500,+3.51,+15.836,+13.618,+0.940
1661435100,+3.51,+15.785,+13.683,+0.941
1661435700,+3.51,+15.776,+13.713,+0.942
1661436300,+3.51,+15.742,+13.734,+0.940
1661436900,+3.51,+15.725,+13.657,+0.941
1661437500,+3.51,+15.750,+13.473,+0.941
1661438100,+3.51,+15.785,+13.395,+0.941
1661438700,+3.50,+16.211,+11.095,+0.939
1661439300,+3.50,+16.297,+11.435,+0.939
1661439900,+3.50,+16.305,+11.753,+0.939
1661440500,+3.50,+16.322,+11.960,+0.939
1661441100,+3.50,+16.339,+11.600,+0.938
1661441700,+3.50,+16.356,+11.799,+0.938
1661442300,+3.50,+16.339,+11.996,+0.938
1661442900,+3.50,+16.331,+12.057,+0.938
1661443500,+3.50,+16.305,+12.052,+0.939
1661444100,+3.50,+16.280,+12.016,+0.938
1661444700,+3.51,+16.220,+12.085,+0.939
1661445300,+3.51,+16.203,+12.079,+0.938
1661445900,+3.51,+16.135,+12.101,+0.938
1661446500,+3.51,+16.092,+12.110,+0.939
1661447100,+3.51,+16.041,+12.098,+0.939
1661447700,+3.51,+15.998,+12.139,+0.939
1661448300,+3.51,+15.938,+12.196,+0.939
1661448900,+3.51,+15.921,+12.221,+0.939
1661449500,+3.51,+15.887,+12.250,+0.939
1661450100,+3.51,+15.870,+12.240,+0.938
1661450700,+3.51,+15.836,+12.192,+0.939
1661451300,+3.51,+15.870,+12.101,+0.939
1661451900,+3.51,+15.896,+12.066,+0.939
1661452500,+3.51,+15.921,+11.659,+0.939
1661453100,+3.51,+15.973,+12.183,+0.939
1661453700,+3.51,+16.015,+11.491,+0.939
1661454300,+3.51,+16.024,+11.760,+0.939
1661454900,+3.51,+16.024,+11.877,+0.938
1661455500,+3.51,+16.092,+12.062,+0.938
1661456100,+3.51,+16.067,+12.111,+0.938
1661456700,+3.51,+16.058,+12.091,+0.938
1661457300,+3.51,+16.041,+12.101,+0.939
1661457900,+3.51,+16.024,+12.157,+0.938
1661458500,+3.51,+16.024,+12.195,+0.938
1661459100,+3.51,+15.973,+12.216,+0.939
1661459700,+3.51,+15.956,+12.142,+0.939
1661460300,+3.51,+15.904,+12.132,+0.939
1661460900,+3.51,+15.879,+12.135,+0.939
1661461500,+3.51,+15.845,+12.135,+0.939
1661462100,+3.51,+15.802,+12.178,+0.940
1661462700,+3.51,+15.810,+12.060,+0.939
1661463300,+3.51,+15.776,+11.935,+0.940
1661463900,+3.51,+15.776,+11.853,+0.940
1661464500,+3.51,+15.836,+11.776,+0.939
1661465100,+3.51,+15.836,+11.504,+0.939
1661465700,+3.51,+15.879,+11.479,+0.939
1661466300,+3.51,+15.947,+11.919,+0.939
1661466900,+3.51,+15.973,+12.148,+0.939
1661467500,+3.51,+16.007,+12.184,+0.939
1661468100,+3.51,+16.032,+11.969,+0.939
1661468700,+3.51,+16.049,+12.150,+0.940
1661469300,+3.51,+16.041,+11.881,+0.939
1661469900,+3.51,+16.024,+11.728,+0.939
1661470500,+3.51,+16.015,+11.677,+0.939
