7450-886331
OS REV: 1.05 Sensor Cal: 1635269547
Time (sec),  BV (Volts),  T (deg C),  DO (mg/l),  Q ()
1658078100,+3.51,+15.793,+22.438,+0.944
1658078700,+3.51,+15.785,+22.225,+0.943
1658079300,+3.51,+15.810,+21.944,+0.942
1658079900,+3.51,+15.827,+21.926,+0.943
1658080500,+3.51,+15.870,+22.259,+0.944
1658081100,+3.51,+15.904,+22.217,+0.943
1658081700,+3.51,+15.930,+22.280,+0.943
1658082300,+3.51,+15.990,+22.389,+0.943
1658082900,+3.51,+15.973,+22.786,+0.942
1658083500,+3.51,+16.007,+21.728,+0.943
1658084100,+3.51,+16.007,+21.231,+0.942
1658084700,+3.51,+16.015,+21.713,+0.942
1658085300,+3.51,+16.024,+22.027,+0.943
1658085900,+3.51,+15.998,+22.493,+0.942
1658086500,+3.51,+15.990,+22.770,+0.943
1658087100,+3.51,+15.981,+22.910,+0.944
1658087700,+3.51,+15.947,+22.985,+0.944
1658088300,+3.51,+15.921,+22.988,+0.943
1658088900,+3.51,+15.887,+22.991,+0.942
1658089500,+3.51,+15.870,+23.076,+0.944
1658090100,+3.51,+15.836,+23.160,+0.944
1658090700,+3.51,+15.810,+23.167,+0.943
1658091300,+3.51,+15.793,+22.793,+0.945
1658091900,+3.51,+15.810,+22.379,+0.944
1658092500,+3.51,+15.836,+22.835,+0.944
1658093100,+3.51,+15.879,+23.114,+0.944
1658093700,+3.51,+15.930,+23.094,+0.943
1658094300,+3.51,+15.973,+22.866,+0.944
1658094900,+3.51,+15.990,+22.825,+0.942
1658095500,+3.51,+15.998,+23.027,+0.944
1658096100,+3.51,+15.998,+22.124,+0.943
1658096700,+3.51,+15.990,+22.084,+0.943
1658097300,+3.51,+16.024,+22.152,+0.944
1658097900,+3.51,+16.024,+22.761,+0.943
1658098500,+3.51,+15.998,+23.015,+0.945
1658099100,+3.51,+16.007,+23.004,+0.943
1658099700,+3.51,+15.964,+23.037,+0.944
1658100300,+3.51,+15.930,+22.981,+0.942
1658100900,+3.51,+15.904,+22.904,+0.943
1658101500,+3.51,+15.887,+22.803,+0.942
1658102100,+3.51,+15.870,+22.826,+0.944
1658102700,+3.51,+15.836,+22.672,+0.943
1658103300,+3.51,+15.810,+22.496,+0.944
1658103900,+3.51,+15.802,+22.133,+0.944
1658104500,+3.51,+15.827,+22.220,+0.942
1658105100,+3.51,+15.870,+22.563,+0.943
1658105700,+3.51,+15.879,+22.210,+0.941
1658106300,+3.51,+15.964,+22.137,+0.944
1658106900,+3.51,+15.964,+22.415,+0.943
1658107500,+3.51,+15.947,+21.994,+0.943
1658108100,+3.51,+15.981,+21.482,+0.942
1658108700,+3.51,+15.990,+21.215,+0.942
1658109300,+3.51,+16.007,+21.221,+0.942
1658109900,+3.51,+15.990,+20.852,+0.941
1658110500,+3.51,+15.896,+18.819,+0.941
1658111100,+3.51,+15.879,+17.581,+0.939
1658111700,+3.51,+15.879,+16.752,+0.939
1658112300,+3.51,+15.810,+16.368,+0.940
1658112900,+3.51,+15.793,+15.975,+0.939
1658113500,+3.51,+15.768,+15.674,+0.939
1658114100,+3.51,+15.716,+15.434,+0.939
1658114700,+3.51,+15.725,+15.148,+0.939
1658115300,+3.51,+15.716,+15.020,+0.939
1658115900,+3.51,+15.691,+14.868,+0.939
1658116500,+3.51,+15.699,+14.700,+0.940
1658117100,+3.51,+15.708,+15.066,+0.939
1658117700,+3.51,+15.750,+14.988,+0.940
1658118300,+3.51,+15.776,+15.154,+0.939
1658118900,+3.51,+15.802,+15.272,+0.939
1658119500,+3.51,+15.845,+15.362,+0.940
1658120100,+3.51,+15.862,+15.380,+0.939
1658120700,+3.51,+15.870,+15.245,+0.939
1658121300,+3.51,+15.870,+15.539,+0.939
1658121900,+3.51,+15.870,+15.549,+0.939
1658122500,+3.51,+15.845,+15.900,+0.940
1658123100,+3.51,+15.845,+15.670,+0.940
1658123700,+3.51,+15.827,+15.492,+0.939
1658124300,+3.51,+15.785,+15.295,+0.939
1658124900,+3.51,+15.750,+15.534,+0.940
1658125500,+3.51,+15.733,+15.760,+0.939
1658126100,+3.51,+15.708,+15.408,+0.939
1658126700,+3.51,+15.682,+15.234,+0.940
1658127300,+3.51,+15.682,+14.831,+0.940
1658127900,+3.50,+15.665,+14.601,+0.939
1658128500,+3.51,+15.673,+14.747,+0.939
1658129100,+3.51,+15.665,+14.629,+0.940
1658129700,+3.51,+15.699,+14.543,+0.940
1658130300,+3.51,+15.725,+14.570,+0.939
1658130900,+3.51,+15.733,+14.601,+0.939
1658131500,+3.51,+15.759,+14.720,+0.939
1658132100,+3.51,+15.819,+15.244,+0.940
1658132700,+3.51,+15.836,+15.120,+0.939
1658133300,+3.51,+15.870,+14.946,+0.939
1658133900,+3.51,+15.870,+14.692,+0.939
1658134500,+3.51,+15.870,+14.510,+0.939
1658135100,+3.51,+15.836,+14.440,+0.939
1658135700,+3.51,+15.836,+14.417,+0.939
1658136300,+3.51,+15.836,+14.427,+0.939
1658136900,+3.51,+15.785,+14.604,+0.939
1658137500,+3.51,+15.768,+14.627,+0.939
1658138100,+3.51,+15.733,+15.502,+0.940
1658138700,+3.51,+15.759,+15.779,+0.939
1658139300,+3.51,+15.750,+17.124,+0.941
1658139900,+3.51,+15.742,+17.948,+0.941
1658140500,+3.51,+15.716,+18.495,+0.942
1658141100,+3.51,+15.708,+18.996,+0.942
1658141700,+3.51,+15.750,+19.392,+0.941
1658142300,+3.51,+15.768,+19.952,+0.942
1658142900,+3.51,+15.810,+20.023,+0.941
1658143500,+3.51,+15.819,+20.712,+0.942
1658144100,+3.51,+15.879,+20.832,+0.942
1658144700,+3.51,+15.930,+21.273,+0.943
1658145300,+3.51,+15.896,+21.900,+0.942
1658145900,+3.51,+15.930,+21.386,+0.942
1658146500,+3.51,+15.938,+20.628,+0.942
1658147100,+3.51,+15.956,+20.955,+0.942
1658147700,+3.51,+15.956,+21.379,+0.943
1658148300,+3.51,+15.930,+21.743,+0.943
1658148900,+3.51,+15.913,+21.884,+0.944
1658149500,+3.51,+15.904,+21.999,+0.944
1658150100,+3.51,+15.896,+22.131,+0.943
1658150700,+3.51,+15.836,+22.263,+0.942
1658151300,+3.51,+15.819,+22.388,+0.945
1658151900,+3.51,+15.793,+22.342,+0.944
1658152500,+3.51,+16.237,+19.004,+0.942
1658153100,+3.51,+16.288,+20.191,+0.942
1658153700,+3.51,+16.297,+20.795,+0.941
1658154300,+3.51,+16.280,+20.518,+0.942
1658154900,+3.51,+16.280,+19.826,+0.941
1658155500,+3.51,+16.271,+19.665,+0.940
1658156100,+3.51,+16.288,+19.417,+0.941
1658156700,+3.51,+16.314,+20.056,+0.942
1658157300,+3.51,+16.331,+20.299,+0.942
1658157900,+3.51,+16.339,+20.694,+0.942
1658158500,+3.51,+16.305,+20.910,+0.943
1658159100,+3.51,+16.280,+20.995,+0.944
1658159700,+3.51,+16.271,+20.965,+0.941
1658160300,+3.51,+16.246,+21.083,+0.943
1658160900,+3.51,+16.211,+21.132,+0.942
1658161500,+3.51,+16.169,+21.391,+0.943
1658162100,+3.51,+16.118,+21.460,+0.944
1658162700,+3.51,+16.092,+21.452,+0.943
1658163300,+3.51,+16.032,+21.505,+0.942
1658163900,+3.51,+16.007,+21.575,+0.943
1658164500,+3.51,+15.964,+21.633,+0.943
