7450-886331
OS REV: 1.05 Sensor Cal: 1635269547
Time (sec),  BV (Volts),  T (deg C),  DO (mg/l),  Q ()
1659209100,+3.51,+15.845,+19.841,+0.942
1659209700,+3.51,+15.896,+20.316,+0.942
1659210300,+3.51,+15.921,+20.326,+0.941
1659210900,+3.51,+15.964,+20.227,+0.942
1659211500,+3.51,+16.024,+20.710,+0.942
1659212100,+3.51,+16.024,+20.507,+0.942
1659212700,+3.51,+16.015,+20.075,+0.943
1659213300,+3.51,+16.058,+19.678,+0.941
1659213900,+3.51,+16.092,+19.693,+0.941
1659214500,+3.51,+16.058,+20.279,+0.942
1659215100,+3.51,+16.041,+20.581,+0.942
1659215700,+3.51,+16.032,+20.690,+0.943
1659216300,+3.51,+16.058,+20.658,+0.943
1659216900,+3.51,+16.024,+20.682,+0.942
1659217500,+3.51,+15.990,+20.732,+0.944
1659218100,+3.51,+15.956,+20.741,+0.943
1659218700,+3.51,+15.921,+20.725,+0.942
1659219300,+3.51,+15.887,+20.745,+0.943
1659219900,+3.51,+15.879,+20.655,+0.942
1659220500,+3.51,+15.853,+20.721,+0.943
1659221100,+3.51,+15.802,+20.394,+0.942
1659221700,+3.51,+15.819,+20.077,+0.943
1659222300,+3.51,+15.853,+19.920,+0.943
1659222900,+3.51,+15.913,+19.869,+0.941
1659223500,+3.51,+15.938,+20.195,+0.943
1659224100,+3.51,+15.990,+20.309,+0.942
1659224700,+3.51,+16.007,+20.538,+0.943
1659225300,+3.51,+16.015,+20.303,+0.943
1659225900,+3.51,+16.041,+19.846,+0.942
1659226500,+3.51,+16.075,+19.678,+0.941
1659227100,+3.51,+16.058,+19.928,+0.943
1659227700,+3.51,+16.075,+20.107,+0.942
1659228300,+3.51,+16.058,+20.100,+0.942
1659228900,+3.51,+16.058,+20.179,+0.943
1659229500,+3.51,+16.024,+20.096,+0.942
1659230100,+3.51,+16.007,+20.097,+0.941
1659230700,+3.51,+15.956,+20.098,+0.943
1659231300,+3.51,+15.913,+20.080,+0.943
1659231900,+3.51,+15.896,+20.005,+0.942
1659232500,+3.51,+15.879,+20.001,+0.942
1659233100,+3.51,+15.836,+19.784,+0.942
1659233700,+3.51,+15.759,+17.934,+0.940
1659234300,+3.51,+15.750,+17.344,+0.940
1659234900,+3.51,+15.750,+17.093,+0.941
1659235500,+3.51,+15.768,+16.957,+0.941
1659236100,+3.51,+15.810,+16.956,+0.940
1659236700,+3.51,+15.819,+16.783,+0.939
1659237300,+3.51,+15.870,+16.507,+0.940
1659237900,+3.51,+15.904,+16.606,+0.941
1659238500,+3.51,+15.938,+16.784,+0.941
1659239100,+3.51,+15.938,+16.663,+0.941
1659239700,+3.51,+15.930,+16.697,+0.939
1659240300,+3.51,+15.930,+16.656,+0.941
1659240900,+3.51,+15.921,+16.336,+0.940
1659241500,+3.51,+15.896,+15.947,+0.940
1659242100,+3.51,+15.887,+15.822,+0.939
1659242700,+3.51,+15.853,+16.171,+0.941
1659243300,+3.51,+15.810,+16.160,+0.940
1659243900,+3.51,+15.776,+15.867,+0.941
1659244500,+3.51,+15.750,+15.714,+0.940
1659245100,+3.51,+15.733,+15.966,+0.939
1659245700,+3.51,+15.708,+15.951,+0.940
1659246300,+3.51,+15.699,+15.717,+0.940
1659246900,+3.51,+15.716,+15.598,+0.941
1659247500,+3.51,+15.699,+15.748,+0.939
1659248100,+3.51,+15.725,+15.940,+0.940
1659248700,+3.51,+15.733,+15.863,+0.939
1659249300,+3.51,+15.759,+15.841,+0.940
1659249900,+3.51,+15.810,+15.451,+0.939
1659250500,+3.51,+15.862,+15.219,+0.939
1659251100,+3.51,+15.870,+15.361,+0.939
1659251700,+3.51,+15.896,+15.528,+0.940
1659252300,+3.51,+15.904,+15.436,+0.939
1659252900,+3.51,+15.896,+15.559,+0.939
1659253500,+3.51,+15.887,+15.620,+0.940
1659254100,+3.51,+15.870,+15.574,+0.939
1659254700,+3.51,+15.836,+15.425,+0.939
1659255300,+3.51,+15.827,+15.403,+0.940
1659255900,+3.51,+15.793,+15.468,+0.939
1659256500,+3.51,+15.750,+15.525,+0.940
1659257100,+3.51,+15.716,+15.659,+0.940
1659257700,+3.51,+15.682,+15.594,+0.940
1659258300,+3.50,+15.673,+15.678,+0.940
1659258900,+3.50,+15.665,+15.504,+0.940
1659259500,+3.50,+15.665,+15.156,+0.940
1659260100,+3.50,+15.656,+14.860,+0.939
1659260700,+3.50,+15.665,+14.874,+0.940
1659261300,+3.51,+15.673,+15.277,+0.939
1659261900,+3.51,+15.768,+15.482,+0.940
1659262500,+3.51,+15.827,+16.379,+0.940
1659263100,+3.51,+15.870,+16.986,+0.940
1659263700,+3.51,+15.921,+17.481,+0.940
1659264300,+3.51,+15.947,+17.852,+0.941
1659264900,+3.51,+15.938,+18.291,+0.941
1659265500,+3.51,+15.947,+18.469,+0.941
1659266100,+3.51,+15.973,+18.769,+0.942
1659266700,+3.51,+15.973,+18.912,+0.941
1659267300,+3.51,+15.947,+19.016,+0.942
1659267900,+3.51,+15.964,+19.106,+0.942
1659268500,+3.51,+15.938,+19.230,+0.942
1659269100,+3.51,+15.904,+19.403,+0.942
1659269700,+3.51,+15.879,+19.519,+0.943
1659270300,+3.51,+15.862,+19.519,+0.942
1659270900,+3.51,+15.819,+19.617,+0.942
1659271500,+3.51,+15.768,+19.678,+0.942
1659272100,+3.51,+15.768,+19.282,+0.943
1659272700,+3.51,+15.785,+19.046,+0.940
1659273300,+3.51,+15.819,+19.106,+0.941
1659273900,+3.51,+15.819,+19.102,+0.943
1659274500,+3.51,+15.904,+19.052,+0.943
1659275100,+3.51,+15.938,+19.198,+0.942
1659275700,+3.51,+15.973,+19.358,+0.942
1659276300,+3.51,+15.990,+19.774,+0.943
1659276900,+3.51,+16.007,+19.908,+0.941
1659277500,+3.51,+16.015,+19.495,+0.942
1659278100,+3.51,+16.024,+19.313,+0.942
1659278700,+3.51,+16.032,+19.722,+0.943
1659279300,+3.51,+16.015,+19.933,+0.941
1659279900,+3.51,+16.032,+19.937,+0.942
1659280500,+3.51,+15.998,+20.013,+0.943
1659281100,+3.51,+15.981,+20.153,+0.943
1659281700,+3.51,+15.981,+20.187,+0.942
1659282300,+3.51,+15.921,+20.266,+0.943
1659282900,+3.51,+15.904,+20.266,+0.942
1659283500,+3.51,+15.845,+20.299,+0.942
1659284100,+3.51,+15.845,+20.338,+0.942
1659284700,+3.51,+15.793,+20.082,+0.941
1659285300,+3.51,+15.802,+19.803,+0.942
1659285900,+3.51,+15.836,+19.743,+0.942
1659286500,+3.51,+15.870,+19.787,+0.942
1659287100,+3.51,+15.904,+19.857,+0.942
1659287700,+3.51,+15.938,+20.220,+0.941
1659288300,+3.51,+15.956,+20.292,+0.942
1659288900,+3.51,+16.015,+19.972,+0.941
1659289500,+3.51,+16.015,+20.192,+0.942
1659290100,+3.51,+16.049,+20.023,+0.942
1659290700,+3.51,+16.084,+19.827,+0.941
1659291300,+3.51,+16.075,+20.275,+0.943
1659291900,+3.51,+16.049,+20.403,+0.942
1659292500,+3.51,+16.041,+20.512,+0.943
1659293100,+3.51,+16.049,+20.585,+0.943
1659293700,+3.51,+16.015,+20.713,+0.943
1659294300,+3.51,+15.990,+20.683,+0.942
1659294900,+3.51,+15.973,+20.665,+0.942
1659295500,+3.51,+15.904,+20.730,+0.943
