7450-886331
OS REV: 1.05 Sensor Cal: 1635269547
Time (sec),  BV (Volts),  T (deg C),  DO (mg/l),  Q ()
1657034100,+3.53,+21.137, +8.648,+0.941
1657034700,+3.52,+21.087, +8.618,+0.941
1657035300,+3.52,+20.970, +8.431,+0.941
1657035900,+3.52,+20.945, +8.146,+0.941
1657036500,+3.52,+20.878, +7.941,+0.941
1657037100,+3.52,+20.836, +7.725,+0.941
1657037700,+3.52,+20.761, +7.544,+0.941
1657038300,+3.52,+20.744, +7.294,+0.941
1657038900,+3.52,+20.702, +7.090,+0.941
1657039500,+3.53,+20.577, +6.840,+0.942
1657040100,+3.53,+20.476, +6.699,+0.941
1657040700,+3.53,+20.409, +6.569,+0.942
1657041300,+3.53,+20.342, +6.391,+0.941
1657041900,+3.53,+20.233, +6.247,+0.942
1657042500,+3.53,+20.267, +6.096,+0.941
1657043100,+3.53,+20.242, +5.923,+0.942
1657043700,+3.53,+20.250, +5.762,+0.941
1657044300,+3.53,+20.250, +5.636,+0.942
1657044900,+3.53,+20.250, +5.531,+0.942
1657045500,+3.53,+20.183, +5.461,+0.942
1657046100,+3.53,+20.183, +5.379,+0.942
1657046700,+3.53,+20.200, +5.260,+0.942
1657047300,+3.53,+20.192, +5.174,+0.942
1657047900,+3.53,+20.284, +5.132,+0.942
1657048500,+3.53,+20.217, +5.089,+0.942
1657049100,+3.53,+20.233, +5.034,+0.942
1657049700,+3.53,+20.250, +4.946,+0.942
1657050300,+3.53,+20.284, +4.851,+0.943
1657050900,+3.53,+20.317, +4.740,+0.942
1657051500,+3.53,+20.309, +4.607,+0.942
1657052100,+3.53,+20.292, +4.542,+0.943
1657052700,+3.53,+20.242, +4.417,+0.943
1657053300,+3.53,+20.208, +4.329,+0.943
1657053900,+3.53,+20.166, +4.272,+0.943
1657054500,+3.53,+20.066, +4.216,+0.943
1657055100,+3.53,+20.074, +4.087,+0.943
1657055700,+3.53,+20.083, +3.980,+0.943
1657056300,+3.53,+20.083, +3.929,+0.943
1657056900,+3.53,+20.083, +3.862,+0.943
1657057500,+3.53,+20.091, +3.791,+0.943
1657058100,+3.53,+20.125, +3.705,+0.943
1657058700,+3.53,+20.125, +3.638,+0.943
1657059300,+3.53,+20.074, +3.591,+0.943
1657059900,+3.53,+20.099, +3.542,+0.943
1657060500,+3.53,+20.108, +3.496,+0.942
1657061100,+3.53,+20.141, +3.455,+0.943
1657061700,+3.53,+20.166, +3.364,+0.943
1657062300,+3.53,+20.150, +3.310,+0.942
1657062900,+3.53,+20.166, +3.285,+0.943
1657063500,+3.53,+20.175, +3.219,+0.943
1657064100,+3.53,+20.225, +3.143,+0.943
1657064700,+3.53,+20.233, +3.016,+0.943
1657065300,+3.53,+20.233, +2.928,+0.943
1657065900,+3.53,+20.200, +2.867,+0.943
1657066500,+3.53,+20.166, +2.769,+0.943
1657067100,+3.53,+20.141, +2.679,+0.943
1657067700,+3.53,+20.066, +2.631,+0.943
1657068300,+3.52,+20.058, +2.468,+0.943
1657068900,+3.53,+20.166, +2.278,+0.943
1657069500,+3.53,+20.225, +2.279,+0.942
1657070100,+3.53,+20.217, +2.368,+0.941
1657070700,+3.52,+20.158, +2.366,+0.941
1657071300,+3.53,+20.183, +2.327,+0.941
1657071900,+3.53,+20.225, +2.320,+0.941
1657072500,+3.52,+20.292, +2.412,+0.940
1657073100,+3.52,+20.325, +2.412,+0.940
1657073700,+3.52,+20.066, +2.122,+0.940
1657074300,+3.52,+19.873, +1.903,+0.940
1657074900,+3.52,+19.773, +1.876,+0.940
1657075500,+3.52,+19.773, +1.896,+0.940
1657076100,+3.52,+19.773, +1.878,+0.941
1657076700,+3.52,+19.798, +1.839,+0.941
1657077300,+3.52,+19.865, +1.801,+0.941
1657077900,+3.52,+19.915, +1.759,+0.942
1657078500,+3.52,+19.991, +1.679,+0.942
1657079100,+3.52,+20.091, +1.606,+0.942
1657079700,+3.52,+20.192, +1.565,+0.942
1657080300,+3.52,+20.250, +1.504,+0.942
1657080900,+3.52,+20.367, +1.423,+0.941
1657081500,+3.52,+20.501, +1.357,+0.941
1657082100,+3.52,+20.643, +1.299,+0.941
1657082700,+3.52,+20.794, +1.237,+0.941
1657083300,+3.52,+20.945, +1.141,+0.939
1657083900,+3.52,+21.078, +1.065,+0.939
1657084500,+3.52,+21.237, +1.006,+0.939
1657085100,+3.52,+21.380, +0.915,+0.939
1657085700,+3.52,+21.488, +0.833,+0.938
1657086300,+3.52,+21.614, +0.723,+0.937
1657086900,+3.52,+21.689, +0.625,+0.936
1657087500,+3.52,+21.798, +0.542,+0.936
1657088100,+3.52,+21.881, +0.485,+0.935
1657088700,+3.52,+21.956, +0.433,+0.934
1657089300,+3.52,+22.040, +0.366,+0.933
1657089900,+3.52,+22.099, +0.303,+0.932
1657090500,+3.52,+22.157, +0.250,+0.931
1657091100,+3.52,+22.241, +0.195,+0.930
1657091700,+3.52,+22.291, +0.148,+0.929
1657092300,+3.52,+22.349, +0.106,+0.928
1657092900,+3.52,+22.366, +0.077,+0.928
1657093500,+3.52,+22.425, +0.058,+0.927
1657094100,+3.52,+22.475, +0.047,+0.927
1657094700,+3.52,+22.508, +0.040,+0.927
1657095300,+3.52,+22.525, +0.037,+0.927
1657095900,+3.52,+22.575, +0.035,+0.927
1657096500,+3.52,+22.584, +0.035,+0.927
1657097100,+3.52,+22.575, +0.035,+0.927
1657097700,+3.52,+22.592, +0.035,+0.927
1657098300,+3.52,+22.600, +0.035,+0.927
1657098900,+3.52,+22.592, +0.035,+0.927
1657099500,+3.52,+22.626, +0.034,+0.927
1657100100,+3.52,+22.626, +0.035,+0.927
1657100700,+3.52,+22.659, +0.034,+0.927
1657101300,+3.52,+22.701, +0.035,+0.927
1657101900,+3.52,+22.826, +0.034,+0.927
1657102500,+3.52,+23.002, +0.035,+0.927
1657103100,+3.52,+23.119, +0.036,+0.927
1657103700,+3.52,+23.161, +0.035,+0.927
1657104300,+3.52,+23.170, +0.036,+0.927
1657104900,+3.52,+23.170, +0.036,+0.927
1657105500,+3.52,+23.128, +0.037,+0.927
1657106100,+3.52,+23.086, +0.037,+0.927
1657106700,+3.52,+23.010, +0.036,+0.927
1657107300,+3.52,+22.927, +0.037,+0.928
1657107900,+3.52,+22.860, +0.037,+0.928
1657108500,+3.52,+22.768, +0.036,+0.928
1657109100,+3.52,+22.667, +0.037,+0.927
1657109700,+3.52,+22.559, +0.038,+0.928
1657110300,+3.53,+22.433, +0.039,+0.928
1657110900,+3.53,+22.324, +0.043,+0.928
1657111500,+3.53,+22.241, +0.046,+0.928
1657112100,+3.52,+22.174, +0.057,+0.928
1657112700,+3.52,+22.099, +0.060,+0.928
1657113300,+3.52,+21.990, +0.060,+0.928
1657113900,+3.52,+21.906, +0.076,+0.929
1657114500,+3.52,+21.839, +0.094,+0.929
1657115100,+3.52,+21.739, +0.123,+0.929
1657115700,+3.53,+21.681, +0.151,+0.930
1657116300,+3.53,+21.622, +0.161,+0.930
1657116900,+3.53,+21.547, +0.196,+0.931
1657117500,+3.53,+21.455, +0.225,+0.931
1657118100,+3.53,+21.196, +8.100,+0.942
1657118700,+3.53,+21.145, +8.712,+0.942
1657119300,+3.52,+21.012, +8.901,+0.941
1657119900,+3.52,+20.903, +9.033,+0.942
1657120500,+3.52,+20.794, +9.117,+0.942
