7450-886331
OS REV: 1.05 Sensor Cal: 1635269547
Time (sec),  BV (Volts),  T (deg C),  DO (mg/l),  Q ()
1660601100,+3.51,+15.827,+13.210,+0.941
1660601700,+3.51,+15.862,+13.250,+0.941
1660602300,+3.51,+15.896,+13.157,+0.940
1660602900,+3.51,+15.921,+13.171,+0.940
1660603500,+3.51,+15.964,+13.146,+0.939
1660604100,+3.51,+16.007,+13.151,+0.940
1660604700,+3.51,+15.998,+13.091,+0.941
1660605300,+3.51,+16.007,+13.005,+0.940
1660605900,+3.51,+16.007,+13.010,+0.940
1660606500,+3.51,+15.990,+12.993,+0.940
1660607100,+3.51,+15.964,+13.021,+0.940
1660607700,+3.51,+15.964,+13.015,+0.940
1660608300,+3.51,+15.938,+12.989,+0.940
1660608900,+3.51,+15.913,+12.992,+0.941
1660609500,+3.51,+15.887,+12.941,+0.940
1660610100,+3.51,+15.853,+12.939,+0.940
1660610700,+3.51,+15.845,+12.937,+0.940
1660611300,+3.51,+15.827,+12.884,+0.939
1660611900,+3.51,+15.793,+12.892,+0.940
1660612500,+3.51,+15.810,+12.862,+0.941
1660613100,+3.51,+15.836,+12.816,+0.940
1660613700,+3.51,+15.870,+12.858,+0.940
1660614300,+3.51,+15.904,+12.851,+0.940
1660614900,+3.51,+15.938,+12.832,+0.940
1660615500,+3.51,+15.973,+12.679,+0.940
1660616100,+3.51,+15.921,+11.503,+0.940
1660616700,+3.51,+15.930,+11.082,+0.940
1660617300,+3.51,+15.913,+10.740,+0.940
1660617900,+3.51,+15.904,+10.549,+0.941
1660618500,+3.51,+15.904,+10.290,+0.941
1660619100,+3.51,+15.870, +9.891,+0.941
1660619700,+3.51,+15.845, +9.926,+0.940
1660620300,+3.51,+15.810, +9.727,+0.940
1660620900,+3.51,+15.785, +9.859,+0.940
1660621500,+3.51,+15.750, +9.794,+0.940
1660622100,+3.51,+15.733, +9.525,+0.940
1660622700,+3.51,+15.699, +9.431,+0.940
1660623300,+3.51,+15.691, +9.515,+0.941
1660623900,+3.50,+15.699, +9.297,+0.940
1660624500,+3.50,+15.682,+10.003,+0.940
1660625100,+3.50,+15.691,+10.098,+0.940
1660625700,+3.51,+15.699,+10.489,+0.940
1660626300,+3.51,+15.716,+10.350,+0.940
1660626900,+3.51,+15.742,+10.501,+0.940
1660627500,+3.51,+15.768,+10.485,+0.940
1660628100,+3.51,+15.819,+10.424,+0.940
1660628700,+3.51,+15.827,+10.590,+0.939
1660629300,+3.51,+15.853,+10.683,+0.940
1660629900,+3.51,+15.853,+10.556,+0.940
1660630500,+3.51,+15.879,+10.186,+0.940
1660631100,+3.51,+15.879,+10.218,+0.941
1660631700,+3.51,+15.853, +9.800,+0.940
1660632300,+3.51,+15.827, +9.619,+0.940
1660632900,+3.51,+15.802, +9.261,+0.940
1660633500,+3.51,+15.802, +9.100,+0.940
1660634100,+3.51,+15.768, +9.205,+0.940
1660634700,+3.50,+15.708, +9.222,+0.941
1660635300,+3.50,+15.691, +8.913,+0.940
1660635900,+3.50,+15.665, +8.811,+0.941
1660636500,+3.50,+15.648, +8.931,+0.941
1660637100,+3.50,+15.656, +9.252,+0.939
1660637700,+3.50,+15.614, +9.189,+0.940
1660638300,+3.50,+15.639, +9.145,+0.940
1660638900,+3.50,+15.665, +9.205,+0.940
1660639500,+3.50,+15.656, +9.664,+0.940
1660640100,+3.50,+15.673,+10.302,+0.940
1660640700,+3.50,+15.691,+10.416,+0.940
1660641300,+3.51,+15.716,+10.486,+0.941
1660641900,+3.51,+15.733,+10.558,+0.941
1660642500,+3.51,+15.759,+10.358,+0.940
1660643100,+3.51,+15.793,+10.402,+0.940
1660643700,+3.51,+15.819,+10.310,+0.940
1660644300,+3.51,+15.904,+10.376,+0.941
1660644900,+3.51,+15.938,+11.114,+0.940
1660645500,+3.51,+15.930,+11.672,+0.940
1660646100,+3.51,+15.921,+11.887,+0.940
1660646700,+3.51,+15.904,+12.042,+0.940
1660647300,+3.51,+15.887,+12.129,+0.941
1660647900,+3.51,+15.887,+12.126,+0.940
1660648500,+3.51,+15.836,+12.258,+0.940
1660649100,+3.51,+15.819,+12.330,+0.940
1660649700,+3.51,+15.776,+12.388,+0.940
1660650300,+3.51,+15.785,+12.257,+0.940
1660650900,+3.51,+15.733,+12.388,+0.941
1660651500,+3.51,+15.733,+12.413,+0.940
1660652100,+3.51,+15.750,+12.483,+0.940
1660652700,+3.51,+15.776,+12.549,+0.940
1660653300,+3.51,+15.802,+12.663,+0.941
1660653900,+3.51,+15.819,+12.685,+0.941
1660654500,+3.51,+15.853,+12.728,+0.940
1660655100,+3.51,+15.913,+12.736,+0.940
1660655700,+3.51,+15.956,+12.803,+0.941
1660656300,+3.51,+15.956,+12.770,+0.940
1660656900,+3.51,+15.947,+12.848,+0.941
1660657500,+3.51,+15.964,+12.700,+0.940
1660658100,+3.51,+15.990,+12.621,+0.941
1660658700,+3.51,+15.964,+12.691,+0.940
1660659300,+3.51,+15.938,+12.739,+0.940
1660659900,+3.51,+15.947,+12.737,+0.940
1660660500,+3.51,+15.887,+12.791,+0.941
1660661100,+3.51,+15.887,+12.753,+0.940
1660661700,+3.51,+15.853,+12.813,+0.940
1660662300,+3.51,+15.836,+12.817,+0.940
1660662900,+3.51,+15.802,+12.867,+0.941
1660663500,+3.51,+15.802,+12.881,+0.941
1660664100,+3.51,+15.768,+12.897,+0.940
1660664700,+3.51,+15.810,+12.889,+0.940
1660665300,+3.51,+15.827,+12.994,+0.940
1660665900,+3.51,+15.862,+13.149,+0.941
1660666500,+3.51,+15.879,+13.189,+0.941
1660667100,+3.51,+15.930,+13.166,+0.940
1660667700,+3.51,+15.956,+13.174,+0.940
1660668300,+3.51,+15.998,+13.103,+0.940
1660668900,+3.51,+16.024,+12.916,+0.940
1660669500,+3.51,+16.032,+12.877,+0.940
1660670100,+3.51,+15.998,+12.941,+0.940
1660670700,+3.51,+15.998,+12.982,+0.939
1660671300,+3.51,+15.981,+12.943,+0.941
1660671900,+3.51,+15.964,+12.968,+0.939
1660672500,+3.51,+15.947,+13.027,+0.940
1660673100,+3.51,+15.887,+13.094,+0.941
1660673700,+3.51,+15.870,+13.137,+0.941
1660674300,+3.51,+15.836,+13.130,+0.940
1660674900,+3.51,+15.836,+13.152,+0.940
1660675500,+3.51,+15.819,+13.105,+0.940
1660676100,+3.51,+15.785,+13.163,+0.941
1660676700,+3.51,+15.827,+13.195,+0.941
1660677300,+3.51,+15.836,+13.418,+0.941
1660677900,+3.51,+15.870,+13.289,+0.940
1660678500,+3.51,+15.879,+13.347,+0.940
1660679100,+3.51,+15.930,+13.394,+0.941
1660679700,+3.51,+15.981,+13.334,+0.940
1660680300,+3.51,+15.990,+13.326,+0.941
1660680900,+3.51,+16.007,+13.197,+0.940
1660681500,+3.51,+16.007,+13.161,+0.940
1660682100,+3.51,+16.015,+13.108,+0.940
1660682700,+3.51,+15.990,+13.175,+0.940
1660683300,+3.51,+15.981,+13.200,+0.941
1660683900,+3.51,+15.964,+13.143,+0.940
1660684500,+3.51,+15.921,+13.175,+0.940
1660685100,+3.51,+15.896,+13.142,+0.940
1660685700,+3.51,+15.870,+13.207,+0.940
1660686300,+3.51,+15.836,+13.200,+0.940
1660686900,+3.51,+15.827,+13.182,+0.941
1660687500,+3.51,+15.802,+13.167,+0.940
