7450-759077
OS REV: 1.05 Sensor Cal: 1635263504
Time (sec),  BV (Volts),  T (deg C),  DO (mg/l),  Q ()
1658164800,+3.51,+15.360,+15.250,+0.946
1658165400,+3.51,+15.377,+15.128,+0.947
1658166000,+3.51,+15.393,+15.102,+0.948
1658166600,+3.51,+15.427,+15.211,+0.947
1658167200,+3.51,+15.436,+15.526,+0.947
1658167800,+3.51,+15.494,+15.524,+0.946
1658168400,+3.52,+15.553,+15.822,+0.947
1658169000,+3.52,+15.612,+15.840,+0.947
1658169600,+3.52,+15.654,+15.947,+0.946
1658170200,+3.52,+15.680,+15.909,+0.946
1658170800,+3.52,+15.713,+15.982,+0.947
1658171400,+3.52,+15.755,+15.563,+0.947
1658172000,+3.52,+15.780,+15.412,+0.947
1658172600,+3.52,+15.814,+15.412,+0.947
1658173200,+3.52,+15.806,+15.396,+0.947
1658173800,+3.52,+15.823,+15.430,+0.947
1658174400,+3.52,+15.831,+15.436,+0.946
1658175000,+3.52,+15.831,+15.462,+0.947
1658175600,+3.52,+15.806,+15.555,+0.947
1658176200,+3.52,+15.814,+15.701,+0.947
1658176800,+3.52,+15.789,+15.783,+0.946
1658177400,+3.52,+15.806,+15.982,+0.947
1658178000,+3.52,+15.780,+15.894,+0.947
1658178600,+3.52,+15.755,+15.883,+0.947
1658179200,+3.52,+15.747,+15.870,+0.947
1658179800,+3.52,+15.730,+15.784,+0.947
1658180400,+3.52,+15.722,+15.770,+0.947
1658181000,+3.52,+15.663,+15.807,+0.946
1658181600,+3.52,+15.654,+15.841,+0.947
1658182200,+3.52,+15.621,+15.892,+0.947
1658182800,+3.52,+15.579,+15.897,+0.946
1658183400,+3.52,+15.587,+15.788,+0.946
1658184000,+3.52,+15.553,+15.771,+0.947
1658184600,+3.52,+15.503,+15.880,+0.947
1658185200,+3.52,+15.494,+15.904,+0.948
1658185800,+3.51,+15.486,+15.790,+0.946
1658186400,+3.51,+15.461,+15.782,+0.947
1658187000,+3.51,+15.452,+15.739,+0.947
1658187600,+3.52,+15.461,+15.827,+0.947
1658188200,+3.52,+15.419,+15.822,+0.947
1658188800,+3.52,+15.385,+15.947,+0.947
1658189400,+3.52,+15.377,+15.902,+0.947
1658190000,+3.52,+15.351,+15.813,+0.947
1658190600,+3.52,+15.334,+15.764,+0.947
1658191200,+3.52,+15.318,+15.751,+0.948
1658191800,+3.52,+15.318,+15.566,+0.947
1658192400,+3.52,+15.334,+15.457,+0.947
1658193000,+3.52,+15.368,+15.523,+0.947
1658193600,+3.51,+15.402,+15.681,+0.948
1658194200,+3.51,+15.452,+15.676,+0.947
1658194800,+3.52,+15.511,+15.590,+0.947
1658195400,+3.52,+15.579,+15.612,+0.947
1658196000,+3.52,+15.621,+15.609,+0.947
1658196600,+3.52,+15.579,+14.837,+0.947
1658197200,+3.52,+15.579,+14.129,+0.947
1658197800,+3.52,+15.629,+13.786,+0.948
1658198400,+3.52,+15.629,+13.663,+0.948
1658199000,+3.52,+15.638,+13.580,+0.948
1658199600,+3.52,+15.629,+13.350,+0.948
1658200200,+3.52,+15.621,+13.070,+0.949
1658200800,+3.52,+15.595,+12.836,+0.949
1658201400,+3.52,+15.579,+12.677,+0.948
1658202000,+3.52,+15.562,+12.585,+0.949
1658202600,+3.52,+15.528,+12.602,+0.949
1658203200,+3.51,+15.486,+12.525,+0.949
1658203800,+3.51,+15.444,+12.601,+0.950
1658204400,+3.51,+15.410,+12.597,+0.949
1658205000,+3.52,+15.377,+12.643,+0.949
1658205600,+3.52,+15.360,+12.560,+0.949
1658206200,+3.52,+15.301,+12.525,+0.949
1658206800,+3.52,+15.275,+12.474,+0.949
1658207400,+3.52,+15.250,+12.431,+0.949
1658208000,+3.52,+15.242,+12.335,+0.949
1658208600,+3.52,+15.267,+12.508,+0.948
1658209200,+3.52,+15.267,+12.555,+0.949
1658209800,+3.52,+15.301,+12.374,+0.949
1658210400,+3.52,+15.343,+12.311,+0.949
1658211000,+3.51,+15.402,+12.297,+0.949
1658211600,+3.51,+15.436,+12.590,+0.949
1658212200,+3.51,+15.486,+12.650,+0.949
1658212800,+3.52,+15.520,+12.837,+0.949
1658213400,+3.52,+15.503,+12.730,+0.948
1658214000,+3.52,+15.528,+12.448,+0.949
1658214600,+3.52,+15.520,+12.655,+0.949
1658215200,+3.52,+15.537,+12.863,+0.949
1658215800,+3.52,+15.545,+12.692,+0.949
1658216400,+3.52,+15.503,+12.684,+0.949
1658217000,+3.51,+15.486,+12.711,+0.949
1658217600,+3.51,+15.452,+12.516,+0.949
1658218200,+3.52,+15.452,+12.299,+0.949
1658218800,+3.52,+15.436,+12.154,+0.949
1658219400,+3.51,+15.377,+12.250,+0.949
1658220000,+3.52,+15.326,+12.347,+0.949
1658220600,+3.52,+15.301,+12.265,+0.949
1658221200,+3.52,+15.267,+12.162,+0.950
1658221800,+3.52,+15.233,+12.221,+0.949
1658222400,+3.52,+15.225,+12.061,+0.949
1658223000,+3.52,+15.208,+11.946,+0.949
1658223600,+3.52,+15.242,+12.040,+0.950
1658224200,+3.52,+15.267,+12.052,+0.949
1658224800,+3.52,+15.351,+12.023,+0.950
1658225400,+3.52,+15.427,+12.593,+0.949
1658226000,+3.52,+15.478,+13.253,+0.949
1658226600,+3.52,+15.528,+13.789,+0.948
1658227200,+3.52,+15.553,+14.160,+0.947
1658227800,+3.52,+15.587,+14.534,+0.947
1658228400,+3.52,+15.629,+14.746,+0.948
1658229000,+3.52,+15.663,+14.671,+0.947
1658229600,+3.52,+15.722,+14.756,+0.947
1658230200,+3.52,+15.713,+15.008,+0.947
1658230800,+3.52,+15.747,+15.023,+0.947
1658231400,+3.52,+15.730,+15.109,+0.947
1658232000,+3.52,+15.722,+15.020,+0.948
1658232600,+3.52,+15.713,+15.039,+0.946
1658233200,+3.52,+15.713,+15.211,+0.947
1658233800,+3.52,+15.696,+15.275,+0.947
1658234400,+3.52,+15.696,+15.430,+0.947
1658235000,+3.52,+15.663,+15.574,+0.948
1658235600,+3.52,+15.629,+15.530,+0.947
1658236200,+3.52,+15.621,+15.615,+0.947
1658236800,+3.52,+15.604,+15.639,+0.947
1658237400,+3.52,+15.562,+15.660,+0.947
1658238000,+3.52,+15.562,+15.593,+0.946
1658238600,+3.52,+15.528,+15.600,+0.947
1658239200,+3.52,+15.486,+15.620,+0.947
1658239800,+3.51,+15.478,+15.721,+0.947
1658240400,+3.51,+15.469,+15.741,+0.947
1658241000,+3.51,+15.419,+15.640,+0.947
1658241600,+3.52,+15.402,+15.805,+0.947
1658242200,+3.52,+15.360,+15.978,+0.948
1658242800,+3.52,+15.351,+15.804,+0.948
1658243400,+3.52,+15.368,+15.594,+0.948
1658244000,+3.51,+15.385,+15.593,+0.946
1658244600,+3.51,+15.419,+15.783,+0.947
1658245200,+3.51,+15.478,+16.323,+0.947
1658245800,+3.52,+15.503,+16.452,+0.946
1658246400,+3.52,+15.570,+16.487,+0.946
1658247000,+3.52,+15.629,+16.479,+0.947
1658247600,+3.52,+15.671,+16.289,+0.947
1658248200,+3.52,+15.696,+15.913,+0.946
1658248800,+3.52,+15.747,+15.914,+0.947
1658249400,+3.52,+15.772,+15.868,+0.947
1658250000,+3.52,+15.789,+15.742,+0.946
1658250600,+3.52,+15.755,+15.782,+0.947
1658251200,+3.52,+15.789,+15.885,+0.946
