7450-759077
OS REV: 1.05 Sensor Cal: 1635263504
Time (sec),  BV (Volts),  T (deg C),  DO (mg/l),  Q ()
1658773800,+3.51,+15.520,+18.212,+0.946
1658774400,+3.51,+15.478,+18.308,+0.946
1658775000,+3.51,+15.469,+18.177,+0.947
1658775600,+3.51,+15.427,+17.846,+0.946
1658776200,+3.51,+15.419,+18.066,+0.946
1658776800,+3.51,+15.402,+18.201,+0.947
1658777400,+3.51,+15.410,+18.228,+0.947
1658778000,+3.51,+15.393,+18.219,+0.946
1658778600,+3.51,+15.377,+18.230,+0.947
1658779200,+3.51,+15.360,+18.276,+0.946
1658779800,+3.51,+15.309,+18.448,+0.946
1658780400,+3.51,+15.326,+18.328,+0.946
1658781000,+3.51,+15.301,+18.426,+0.947
1658781600,+3.51,+15.309,+18.409,+0.946
1658782200,+3.52,+15.258,+18.498,+0.946
1658782800,+3.51,+15.250,+18.302,+0.947
1658783400,+3.52,+15.267,+18.354,+0.947
1658784000,+3.51,+15.242,+18.177,+0.946
1658784600,+3.52,+15.208,+17.848,+0.947
1658785200,+3.51,+15.258,+17.733,+0.947
1658785800,+3.52,+15.267,+17.547,+0.946
1658786400,+3.51,+15.292,+17.834,+0.946
1658787000,+3.51,+15.343,+18.040,+0.946
1658787600,+3.51,+15.385,+18.091,+0.946
1658788200,+3.51,+15.452,+18.229,+0.947
1658788800,+3.52,+15.545,+18.090,+0.946
1658789400,+3.52,+15.604,+18.630,+0.947
1658790000,+3.52,+15.612,+18.733,+0.946
1658790600,+3.52,+15.663,+18.111,+0.947
1658791200,+3.52,+15.722,+17.522,+0.946
1658791800,+3.52,+15.722,+17.598,+0.947
1658792400,+3.52,+15.772,+17.601,+0.947
1658793000,+3.52,+15.789,+17.699,+0.946
1658793600,+3.52,+15.806,+17.804,+0.946
1658794200,+3.52,+15.814,+17.734,+0.945
1658794800,+3.52,+15.823,+17.688,+0.946
1658795400,+3.52,+15.814,+17.668,+0.947
1658796000,+3.52,+15.789,+17.729,+0.947
1658796600,+3.52,+15.806,+17.774,+0.946
1658797200,+3.52,+15.797,+17.771,+0.946
1658797800,+3.52,+15.772,+17.809,+0.947
1658798400,+3.52,+15.755,+17.801,+0.946
1658799000,+3.52,+15.772,+17.642,+0.947
1658799600,+3.52,+15.755,+17.637,+0.948
1658800200,+3.52,+15.738,+17.495,+0.946
1658800800,+3.52,+15.713,+17.539,+0.946
1658801400,+3.52,+15.638,+15.575,+0.947
1658802000,+3.52,+15.621,+14.790,+0.947
1658802600,+3.52,+15.595,+14.378,+0.948
1658803200,+3.52,+15.570,+14.119,+0.948
1658803800,+3.52,+15.545,+13.977,+0.948
1658804400,+3.52,+15.511,+13.800,+0.948
1658805000,+3.51,+15.503,+13.578,+0.948
1658805600,+3.51,+15.452,+13.367,+0.948
1658806200,+3.51,+15.427,+13.295,+0.948
1658806800,+3.52,+15.377,+13.506,+0.948
1658807400,+3.51,+15.343,+13.492,+0.949
1658808000,+3.52,+15.309,+13.491,+0.948
1658808600,+3.52,+15.267,+13.440,+0.948
1658809200,+3.52,+15.242,+13.520,+0.949
1658809800,+3.52,+15.208,+13.522,+0.949
1658810400,+3.52,+15.208,+13.272,+0.949
1658811000,+3.52,+15.174,+13.186,+0.949
1658811600,+3.52,+15.199,+12.926,+0.949
1658812200,+3.52,+15.208,+12.737,+0.949
1658812800,+3.52,+15.242,+12.972,+0.949
1658813400,+3.52,+15.258,+13.292,+0.949
1658814000,+3.51,+15.334,+13.355,+0.948
1658814600,+3.51,+15.377,+13.363,+0.949
1658815200,+3.51,+15.444,+13.249,+0.948
1658815800,+3.51,+15.486,+13.495,+0.948
1658816400,+3.52,+15.511,+13.506,+0.948
1658817000,+3.52,+15.503,+13.407,+0.948
1658817600,+3.52,+15.528,+13.443,+0.948
1658818200,+3.52,+15.553,+13.414,+0.948
1658818800,+3.52,+15.520,+13.295,+0.948
1658819400,+3.52,+15.511,+13.136,+0.949
1658820000,+3.52,+15.520,+13.010,+0.948
1658820600,+3.52,+15.520,+12.915,+0.948
1658821200,+3.51,+15.494,+12.950,+0.948
1658821800,+3.51,+15.478,+13.020,+0.949
1658822400,+3.51,+15.452,+12.967,+0.948
1658823000,+3.51,+15.419,+12.862,+0.948
1658823600,+3.51,+15.393,+13.158,+0.948
1658824200,+3.51,+15.368,+13.019,+0.949
1658824800,+3.51,+15.326,+12.885,+0.949
1658825400,+3.51,+15.284,+12.938,+0.948
1658826000,+3.52,+15.250,+13.058,+0.949
1658826600,+3.52,+15.233,+12.988,+0.949
1658827200,+3.52,+15.216,+13.072,+0.948
1658827800,+3.52,+15.199,+13.102,+0.949
1658828400,+3.52,+15.183,+13.024,+0.949
1658829000,+3.52,+15.216,+12.888,+0.949
1658829600,+3.52,+15.284,+12.842,+0.949
1658830200,+3.51,+15.368,+13.648,+0.948
1658830800,+3.51,+15.436,+14.580,+0.947
1658831400,+3.51,+15.469,+15.272,+0.946
1658832000,+3.52,+15.537,+15.897,+0.946
1658832600,+3.52,+15.604,+16.459,+0.947
1658833200,+3.52,+15.629,+16.681,+0.947
1658833800,+3.52,+15.646,+16.921,+0.947
1658834400,+3.52,+15.680,+16.332,+0.947
1658835000,+3.52,+15.696,+16.578,+0.947
1658835600,+3.52,+15.722,+17.071,+0.946
1658836200,+3.52,+15.764,+17.450,+0.946
1658836800,+3.52,+15.755,+17.355,+0.946
1658837400,+3.52,+15.764,+17.313,+0.946
1658838000,+3.52,+15.755,+17.235,+0.946
1658838600,+3.52,+15.755,+17.328,+0.945
1658839200,+3.52,+15.738,+17.449,+0.947
1658839800,+3.52,+15.730,+17.604,+0.946
1658840400,+3.52,+15.713,+17.465,+0.946
1658841000,+3.52,+15.730,+17.163,+0.946
1658841600,+3.52,+15.705,+17.724,+0.946
1658842200,+3.52,+15.705,+17.840,+0.946
1658842800,+3.52,+15.663,+18.035,+0.946
1658843400,+3.52,+15.654,+18.121,+0.946
1658844000,+3.52,+15.638,+18.175,+0.946
1658844600,+3.52,+15.629,+18.144,+0.946
1658845200,+3.52,+15.612,+18.140,+0.946
1658845800,+3.52,+15.595,+18.324,+0.946
1658846400,+3.52,+15.570,+18.393,+0.945
1658847000,+3.52,+15.570,+18.433,+0.946
1658847600,+3.52,+15.537,+18.403,+0.946
1658848200,+3.52,+15.520,+18.371,+0.946
1658848800,+3.51,+15.494,+18.445,+0.946
1658849400,+3.51,+15.461,+18.462,+0.946
1658850000,+3.51,+15.478,+18.515,+0.946
1658850600,+3.51,+15.452,+18.586,+0.946
1658851200,+3.51,+15.419,+18.430,+0.945
1658851800,+3.51,+15.393,+18.304,+0.946
1658852400,+3.51,+15.385,+18.314,+0.945
1658853000,+3.51,+15.351,+18.510,+0.946
1658853600,+3.51,+15.368,+18.615,+0.946
1658854200,+3.52,+15.334,+18.675,+0.947
1658854800,+3.51,+15.326,+18.617,+0.946
1658855400,+3.52,+15.301,+18.461,+0.946
1658856000,+3.52,+15.292,+18.699,+0.947
1658856600,+3.52,+15.275,+18.576,+0.945
1658857200,+3.52,+15.267,+18.576,+0.946
1658857800,+3.51,+15.267,+18.522,+0.946
1658858400,+3.51,+15.301,+17.727,+0.946
1658859000,+3.52,+15.326,+18.102,+0.946
1658859600,+3.51,+15.334,+18.594,+0.945
1658860200,+3.51,+15.393,+18.699,+0.947
