7450-759077
OS REV: 1.05 Sensor Cal: 1635263504
Time (sec),  BV (Volts),  T (deg C),  DO (mg/l),  Q ()
1657033800,+3.53,+20.625, +7.833,+0.954
1657034400,+3.53,+20.725, +7.796,+0.955
1657035000,+3.53,+20.675, +7.687,+0.955
1657035600,+3.53,+20.617, +7.524,+0.955
1657036200,+3.53,+20.592, +7.296,+0.956
1657036800,+3.53,+20.484, +7.033,+0.957
1657037400,+3.53,+20.434, +6.735,+0.957
1657038000,+3.53,+20.359, +6.422,+0.958
1657038600,+3.53,+20.235, +6.114,+0.959
1657039200,+3.54,+20.127, +5.833,+0.959
1657039800,+3.54,+20.011, +5.568,+0.960
1657040400,+3.54,+19.953, +5.304,+0.960
1657041000,+3.54,+19.886, +5.065,+0.961
1657041600,+3.53,+19.837, +4.837,+0.962
1657042200,+3.53,+19.721, +4.625,+0.962
1657042800,+3.53,+19.662, +4.418,+0.963
1657043400,+3.53,+19.613, +4.227,+0.963
1657044000,+3.53,+19.604, +4.049,+0.964
1657044600,+3.53,+19.638, +3.876,+0.964
1657045200,+3.53,+19.671, +3.707,+0.965
1657045800,+3.53,+19.671, +3.560,+0.965
1657046400,+3.53,+19.687, +3.406,+0.965
1657047000,+3.53,+19.787, +3.231,+0.965
1657047600,+3.54,+19.895, +3.066,+0.966
1657048200,+3.54,+19.895, +2.920,+0.966
1657048800,+3.54,+19.878, +2.827,+0.967
1657049400,+3.54,+19.886, +2.722,+0.967
1657050000,+3.54,+19.928, +2.588,+0.967
1657050600,+3.53,+19.936, +2.448,+0.967
1657051200,+3.54,+19.928, +2.307,+0.967
1657051800,+3.54,+19.895, +2.179,+0.967
1657052400,+3.53,+19.837, +2.093,+0.967
1657053000,+3.53,+19.787, +2.003,+0.967
1657053600,+3.53,+19.729, +1.931,+0.967
1657054200,+3.53,+19.646, +1.900,+0.967
1657054800,+3.53,+19.555, +1.887,+0.967
1657055400,+3.53,+19.521, +1.872,+0.967
1657056000,+3.53,+19.513, +1.808,+0.967
1657056600,+3.53,+19.513, +1.750,+0.966
1657057200,+3.53,+19.521, +1.698,+0.966
1657057800,+3.53,+19.538, +1.627,+0.966
1657058400,+3.53,+19.555, +1.555,+0.966
1657059000,+3.53,+19.530, +1.505,+0.965
1657059600,+3.53,+19.546, +1.442,+0.965
1657060200,+3.53,+19.571, +1.386,+0.964
1657060800,+3.53,+19.604, +1.304,+0.964
1657061400,+3.53,+19.646, +1.247,+0.964
1657062000,+3.53,+19.704, +1.203,+0.963
1657062600,+3.53,+19.754, +1.164,+0.963
1657063200,+3.53,+19.795, +1.135,+0.962
1657063800,+3.53,+19.837, +1.108,+0.963
1657064400,+3.53,+19.820, +1.083,+0.962
1657065000,+3.53,+19.837, +1.104,+0.962
1657065600,+3.53,+19.787, +1.133,+0.962
1657066200,+3.53,+19.762, +1.182,+0.963
1657066800,+3.53,+19.729, +1.237,+0.963
1657067400,+3.53,+19.646, +1.289,+0.963
1657068000,+3.53,+19.588, +1.312,+0.963
1657068600,+3.53,+19.538, +1.265,+0.963
1657069200,+3.53,+19.488, +1.233,+0.963
1657069800,+3.53,+19.488, +1.194,+0.963
1657070400,+3.53,+19.538, +1.163,+0.962
1657071000,+3.53,+19.505, +1.119,+0.962
1657071600,+3.53,+19.530, +1.044,+0.962
1657072200,+3.53,+19.555, +0.983,+0.961
1657072800,+3.53,+19.588, +0.936,+0.961
1657073400,+3.53,+19.513, +0.878,+0.960
1657074000,+3.53,+19.389, +0.779,+0.959
1657074600,+3.53,+19.306, +0.730,+0.958
1657075200,+3.53,+19.306, +0.643,+0.957
1657075800,+3.53,+19.331, +0.540,+0.956
1657076400,+3.53,+19.364, +0.447,+0.954
1657077000,+3.53,+19.430, +0.355,+0.953
1657077600,+3.53,+19.488, +0.268,+0.951
1657078200,+3.53,+19.613, +0.200,+0.950
1657078800,+3.53,+19.687, +0.151,+0.949
1657079400,+3.53,+19.795, +0.111,+0.948
1657080000,+3.53,+19.870, +0.070,+0.947
1657080600,+3.53,+19.986, +0.045,+0.946
1657081200,+3.53,+20.077, +0.028,+0.946
1657081800,+3.53,+20.251, +0.022,+0.945
1657082400,+3.53,+20.401, +0.021,+0.945
1657083000,+3.53,+20.583, +0.020,+0.945
1657083600,+3.53,+20.691, +0.021,+0.945
1657084200,+3.53,+20.832, +0.022,+0.945
1657084800,+3.53,+20.924, +0.022,+0.945
1657085400,+3.53,+21.057, +0.022,+0.945
1657086000,+3.53,+21.140, +0.023,+0.945
1657086600,+3.53,+21.240, +0.023,+0.945
1657087200,+3.53,+21.339, +0.023,+0.945
1657087800,+3.53,+21.406, +0.023,+0.945
1657088400,+3.53,+21.506, +0.023,+0.945
1657089000,+3.53,+21.589, +0.024,+0.945
1657089600,+3.53,+21.672, +0.024,+0.945
1657090200,+3.53,+21.705, +0.024,+0.945
1657090800,+3.53,+21.747, +0.024,+0.945
1657091400,+3.53,+21.789, +0.024,+0.945
1657092000,+3.53,+21.847, +0.024,+0.944
1657092600,+3.53,+21.864, +0.024,+0.945
1657093200,+3.53,+21.905, +0.025,+0.944
1657093800,+3.53,+21.955, +0.024,+0.944
1657094400,+3.53,+21.963, +0.025,+0.944
1657095000,+3.53,+21.972, +0.025,+0.944
1657095600,+3.53,+22.005, +0.025,+0.944
1657096200,+3.53,+22.013, +0.024,+0.944
1657096800,+3.53,+22.005, +0.025,+0.945
1657097400,+3.53,+21.988, +0.024,+0.944
1657098000,+3.53,+21.997, +0.024,+0.944
1657098600,+3.53,+22.005, +0.025,+0.944
1657099200,+3.53,+22.030, +0.025,+0.945
1657099800,+3.53,+22.055, +0.024,+0.944
1657100400,+3.53,+22.072, +0.025,+0.944
1657101000,+3.53,+22.105, +0.025,+0.944
1657101600,+3.53,+22.188, +0.025,+0.944
1657102200,+3.53,+22.314, +0.026,+0.944
1657102800,+3.53,+22.422, +0.026,+0.944
1657103400,+3.53,+22.497, +0.027,+0.944
1657104000,+3.53,+22.631, +0.027,+0.944
1657104600,+3.53,+22.639, +0.027,+0.944
1657105200,+3.53,+22.639, +0.027,+0.944
1657105800,+3.53,+22.614, +0.027,+0.944
1657106400,+3.53,+22.556, +0.027,+0.944
1657107000,+3.53,+22.489, +0.027,+0.944
1657107600,+3.53,+22.414, +0.027,+0.945
1657108200,+3.53,+22.305, +0.027,+0.945
1657108800,+3.53,+22.247, +0.028,+0.945
1657109400,+3.53,+22.113, +0.030,+0.945
1657110000,+3.53,+21.980, +0.038,+0.945
1657110600,+3.53,+21.872, +0.038,+0.945
1657111200,+3.53,+21.772, +0.036,+0.945
1657111800,+3.53,+21.672, +0.035,+0.945
1657112400,+3.53,+21.605, +0.041,+0.945
1657113000,+3.53,+21.531, +0.054,+0.946
1657113600,+3.53,+21.464, +0.073,+0.946
1657114200,+3.53,+21.406, +0.088,+0.947
1657114800,+3.53,+21.356, +0.098,+0.947
1657115400,+3.53,+21.298, +0.115,+0.948
1657116000,+3.53,+21.223, +0.163,+0.949
1657116600,+3.54,+21.173, +0.222,+0.950
1657117200,+3.54,+21.098, +0.295,+0.951
1657117800,+3.54,+21.073, +5.358,+0.960
1657118400,+3.54,+21.190, +6.074,+0.958
1657119000,+3.54,+21.123, +5.981,+0.958
1657119600,+3.54,+21.032, +5.690,+0.959
1657120200,+3.54,+20.924, +5.325,+0.960
