7450-759077
OS REV: 1.05 Sensor Cal: 1635263504
Time (sec),  BV (Volts),  T (deg C),  DO (mg/l),  Q ()
1656511800,+3.54,+22.539, +8.202,+0.952
1656512400,+3.54,+22.364, +8.249,+0.952
1656513000,+3.54,+22.489, +8.210,+0.952
1656513600,+3.54,+22.556, +8.210,+0.952
1656514200,+3.54,+23.208, +7.572,+0.951
1656514800,+3.55,+21.140, +8.093,+0.954
1656515400,+3.54,+20.716, +8.079,+0.954
1656516000,+3.54,+20.492, +8.029,+0.954
1656516600,+3.55,+20.310, +8.004,+0.954
1656517200,+3.55,+20.185, +7.936,+0.955
1656517800,+3.55,+20.069, +7.865,+0.954
1656518400,+3.55,+19.953, +7.818,+0.955
1656519000,+3.55,+19.837, +7.748,+0.955
1656519600,+3.54,+19.729, +7.692,+0.955
1656520200,+3.54,+19.679, +7.645,+0.955
1656520800,+3.54,+19.596, +7.600,+0.955
1656521400,+3.54,+19.488, +7.560,+0.955
1656522000,+3.54,+19.438, +7.502,+0.955
1656522600,+3.54,+19.414, +7.472,+0.956
1656523200,+3.54,+19.414, +7.454,+0.955
1656523800,+3.54,+19.455, +7.470,+0.955
1656524400,+3.54,+19.480, +7.482,+0.955
1656525000,+3.54,+19.463, +7.466,+0.955
1656525600,+3.54,+19.472, +7.441,+0.955
1656526200,+3.54,+19.497, +7.413,+0.955
1656526800,+3.54,+19.579, +7.374,+0.955
1656527400,+3.54,+19.588, +7.361,+0.955
1656528000,+3.54,+19.662, +7.338,+0.955
1656528600,+3.54,+19.712, +7.304,+0.955
1656529200,+3.54,+19.696, +7.272,+0.955
1656529800,+3.54,+19.671, +7.252,+0.955
1656530400,+3.54,+19.679, +7.226,+0.956
1656531000,+3.54,+19.646, +7.199,+0.955
1656531600,+3.54,+19.555, +7.188,+0.956
1656532200,+3.54,+19.472, +7.177,+0.955
1656532800,+3.54,+19.405, +7.162,+0.955
1656533400,+3.54,+19.331, +7.148,+0.955
1656534000,+3.54,+19.264, +7.125,+0.956
1656534600,+3.54,+19.239, +7.086,+0.955
1656535200,+3.54,+19.223, +7.063,+0.956
1656535800,+3.54,+19.273, +7.032,+0.956
1656536400,+3.54,+19.281, +7.005,+0.956
1656537000,+3.54,+19.289, +6.958,+0.956
1656537600,+3.54,+19.314, +6.918,+0.956
1656538200,+3.54,+19.339, +6.873,+0.956
1656538800,+3.54,+19.372, +6.833,+0.956
1656539400,+3.54,+19.414, +6.798,+0.956
1656540000,+3.54,+19.438, +6.754,+0.956
1656540600,+3.54,+19.463, +6.729,+0.957
1656541200,+3.54,+19.521, +6.694,+0.956
1656541800,+3.54,+19.563, +6.680,+0.956
1656542400,+3.54,+19.546, +6.655,+0.956
1656543000,+3.54,+19.521, +6.625,+0.957
1656543600,+3.54,+19.463, +6.593,+0.956
1656544200,+3.54,+19.455, +6.565,+0.957
1656544800,+3.54,+19.389, +6.555,+0.957
1656545400,+3.54,+19.314, +6.536,+0.957
1656546000,+3.54,+19.231, +6.505,+0.957
1656546600,+3.54,+19.165, +6.450,+0.957
1656547200,+3.54,+19.123, +6.403,+0.957
1656547800,+3.54,+19.123, +6.340,+0.957
1656548400,+3.54,+19.123, +6.288,+0.957
1656549000,+3.54,+19.140, +6.233,+0.957
1656549600,+3.54,+19.156, +6.185,+0.958
1656550200,+3.54,+19.181, +6.122,+0.958
1656550800,+3.54,+19.214, +6.053,+0.958
1656551400,+3.54,+19.273, +5.988,+0.958
1656552000,+3.54,+19.356, +5.954,+0.958
1656552600,+3.54,+19.356, +5.923,+0.958
1656553200,+3.54,+19.356, +5.875,+0.958
1656553800,+3.54,+19.380, +5.827,+0.958
1656554400,+3.54,+19.414, +5.773,+0.958
1656555000,+3.54,+19.380, +5.718,+0.959
1656555600,+3.54,+19.331, +5.652,+0.958
1656556200,+3.54,+19.364, +5.592,+0.959
1656556800,+3.54,+19.331, +5.531,+0.959
1656557400,+3.54,+19.372, +5.450,+0.959
1656558000,+3.54,+19.405, +5.396,+0.959
1656558600,+3.54,+19.438, +5.333,+0.959
1656559200,+3.54,+19.497, +5.230,+0.959
1656559800,+3.54,+19.571, +5.129,+0.959
1656560400,+3.53,+19.662, +5.040,+0.960
1656561000,+3.53,+19.729, +4.952,+0.960
1656561600,+3.54,+19.862, +4.856,+0.960
1656562200,+3.54,+19.969, +4.770,+0.960
1656562800,+3.54,+20.077, +4.651,+0.960
1656563400,+3.54,+20.168, +4.540,+0.960
1656564000,+3.54,+20.285, +4.430,+0.961
1656564600,+3.54,+20.376, +4.312,+0.961
1656565200,+3.54,+20.459, +4.197,+0.961
1656565800,+3.53,+20.559, +4.079,+0.961
1656566400,+3.53,+20.683, +3.972,+0.961
1656567000,+3.53,+20.774, +3.845,+0.961
1656567600,+3.54,+20.874, +3.727,+0.962
1656568200,+3.54,+20.990, +3.607,+0.962
1656568800,+3.54,+21.082, +3.495,+0.962
1656569400,+3.54,+21.173, +3.343,+0.963
1656570000,+3.54,+21.231, +3.210,+0.963
1656570600,+3.54,+21.331, +3.080,+0.963
1656571200,+3.53,+21.406, +2.964,+0.963
1656571800,+3.53,+21.456, +2.858,+0.963
1656572400,+3.53,+21.522, +2.769,+0.963
1656573000,+3.53,+21.589, +2.661,+0.964
1656573600,+3.53,+21.639, +2.566,+0.964
1656574200,+3.53,+21.680, +2.454,+0.964
1656574800,+3.53,+21.730, +2.355,+0.964
1656575400,+3.53,+21.747, +2.255,+0.964
1656576000,+3.53,+21.839, +2.183,+0.964
1656576600,+3.53,+21.880, +2.102,+0.964
1656577200,+3.53,+21.864, +1.991,+0.964
1656577800,+3.53,+21.880, +1.890,+0.964
1656578400,+3.53,+21.913, +1.810,+0.964
1656579000,+3.53,+21.905, +1.715,+0.964
1656579600,+3.53,+21.922, +1.657,+0.964
1656580200,+3.54,+21.930, +1.592,+0.963
1656580800,+3.53,+21.930, +1.529,+0.963
1656581400,+3.53,+21.938, +1.465,+0.963
1656582000,+3.54,+21.980, +1.404,+0.963
1656582600,+3.54,+22.005, +1.288,+0.962
1656583200,+3.54,+22.022, +1.135,+0.961
1656583800,+3.54,+22.105, +1.062,+0.960
1656584400,+3.54,+22.197, +1.182,+0.960
1656585000,+3.54,+22.222, +1.315,+0.960
1656585600,+3.54,+22.247, +1.400,+0.961
1656586200,+3.54,+22.289, +1.526,+0.961
1656586800,+3.54,+22.239, +1.682,+0.962
1656587400,+3.54,+22.205, +1.759,+0.963
1656588000,+3.54,+22.155, +1.833,+0.963
1656588600,+3.54,+22.097, +1.792,+0.963
1656589200,+3.54,+22.038, +1.729,+0.963
1656589800,+3.53,+21.938, +1.621,+0.964
1656590400,+3.53,+21.880, +1.511,+0.964
1656591000,+3.53,+21.772, +1.394,+0.963
1656591600,+3.53,+21.689, +1.281,+0.963
1656592200,+3.53,+21.572, +1.170,+0.962
1656592800,+3.53,+21.464, +1.075,+0.961
1656593400,+3.54,+21.422, +0.965,+0.960
1656594000,+3.54,+21.323, +0.898,+0.959
1656594600,+3.54,+21.256, +0.850,+0.959
1656595200,+3.54,+21.132, +0.833,+0.959
1656595800,+3.54,+21.032, +0.824,+0.959
1656596400,+3.54,+20.974, +0.808,+0.959
1656597000,+3.54,+20.907, +0.789,+0.958
1656597600,+3.54,+20.857, +0.763,+0.958
1656598200,+3.53,+20.799, +0.750,+0.958
