7450-759077
OS REV: 1.05 Sensor Cal: 1635263504
Time (sec),  BV (Volts),  T (deg C),  DO (mg/l),  Q ()
1661557800,+3.52,+21.314, +8.496,+0.950
1661558400,+3.52,+21.306, +8.491,+0.950
1661559000,+3.52,+21.314, +8.492,+0.950
1661559600,+3.52,+21.323, +8.492,+0.950
1661560200,+3.52,+21.323, +8.494,+0.950
1661560800,+3.52,+21.331, +8.487,+0.949
1661561400,+3.52,+21.339, +8.488,+0.949
1661562000,+3.52,+21.339, +8.499,+0.950
1661562600,+3.52,+21.339, +8.494,+0.949
1661563200,+3.52,+21.356, +8.489,+0.949
1661563800,+3.52,+21.364, +8.499,+0.950
1661564400,+3.52,+21.348, +8.511,+0.950
1661565000,+3.52,+21.364, +8.500,+0.949
1661565600,+3.52,+21.373, +8.495,+0.949
1661566200,+3.52,+21.364, +8.507,+0.950
1661566800,+3.52,+21.381, +8.513,+0.950
1661567400,+3.52,+21.381, +8.503,+0.950
1661568000,+3.52,+21.364, +8.504,+0.949
1661568600,+3.52,+21.364, +8.519,+0.950
1661569200,+3.52,+21.364, +8.517,+0.950
1661569800,+3.52,+21.373, +8.510,+0.949
1661570400,+3.52,+21.381, +8.511,+0.950
1661571000,+3.52,+21.389, +8.502,+0.949
1661571600,+3.52,+21.389, +8.510,+0.950
1661572200,+3.52,+21.398, +8.511,+0.950
1661572800,+3.52,+21.406, +8.505,+0.950
1661573400,+3.52,+21.381, +8.512,+0.950
1661574000,+3.52,+21.414, +8.516,+0.950
1661574600,+3.52,+21.414, +8.506,+0.950
1661575200,+3.52,+21.406, +8.507,+0.949
1661575800,+3.53,+21.398, +8.518,+0.950
1661576400,+3.52,+21.422, +8.501,+0.949
1661577000,+3.53,+21.422, +8.515,+0.950
1661577600,+3.53,+21.398, +8.525,+0.950
1661578200,+3.53,+21.414, +8.509,+0.950
1661578800,+3.53,+21.406, +8.505,+0.949
1661579400,+3.53,+21.414, +8.517,+0.950
1661580000,+3.53,+21.406, +8.511,+0.950
1661580600,+3.53,+21.422, +8.505,+0.950
1661581200,+3.53,+21.422, +8.498,+0.950
1661581800,+3.53,+21.431, +8.497,+0.950
1661582400,+3.53,+21.398, +8.510,+0.950
1661583000,+3.53,+21.422, +8.504,+0.950
1661583600,+3.53,+21.414, +8.502,+0.950
1661584200,+3.53,+21.414, +8.507,+0.950
1661584800,+3.53,+21.422, +8.499,+0.950
1661585400,+3.53,+21.398, +8.513,+0.950
1661586000,+3.53,+21.414, +8.508,+0.950
1661586600,+3.53,+21.414, +8.502,+0.950
1661587200,+3.53,+21.422, +8.507,+0.950
1661587800,+3.53,+21.406, +8.521,+0.950
1661588400,+3.53,+21.422, +8.521,+0.950
1661589000,+3.53,+21.414, +8.528,+0.950
1661589600,+3.53,+21.422, +8.524,+0.950
1661590200,+3.53,+21.431, +8.516,+0.949
1661590800,+3.53,+21.422, +8.525,+0.950
1661591400,+3.53,+21.439, +8.522,+0.950
1661592000,+3.53,+21.422, +8.524,+0.950
1661592600,+3.53,+21.431, +8.523,+0.950
1661593200,+3.53,+21.456, +8.512,+0.949
1661593800,+3.53,+21.422, +8.529,+0.950
1661594400,+3.53,+21.439, +8.531,+0.950
1661595000,+3.53,+21.447, +8.511,+0.949
1661595600,+3.53,+21.422, +8.524,+0.949
1661596200,+3.53,+21.414, +8.537,+0.950
1661596800,+3.53,+21.447, +8.532,+0.950
1661597400,+3.53,+21.456, +8.527,+0.950
1661598000,+3.53,+21.422, +8.533,+0.950
1661598600,+3.53,+21.431, +8.532,+0.950
1661599200,+3.53,+21.447, +8.528,+0.950
1661599800,+3.53,+21.439, +8.538,+0.950
1661600400,+3.53,+21.464, +8.537,+0.950
1661601000,+3.53,+21.439, +8.534,+0.950
1661601600,+3.53,+21.431, +8.535,+0.950
1661602200,+3.53,+21.447, +8.538,+0.950
1661602800,+3.53,+21.447, +8.544,+0.950
1661603400,+3.53,+21.447, +8.547,+0.950
1661604000,+3.53,+21.456, +8.534,+0.950
1661604600,+3.53,+21.447, +8.536,+0.950
1661605200,+3.53,+21.447, +8.543,+0.950
1661605800,+3.53,+21.439, +8.548,+0.950
1661606400,+3.53,+21.447, +8.549,+0.950
1661607000,+3.53,+21.447, +8.538,+0.950
1661607600,+3.53,+21.464, +8.540,+0.950
1661608200,+3.53,+21.481, +8.535,+0.950
1661608800,+3.53,+21.489, +8.530,+0.949
1661609400,+3.53,+21.481, +8.544,+0.950
1661610000,+3.53,+21.489, +8.544,+0.950
1661610600,+3.53,+21.472, +8.543,+0.950
1661611200,+3.53,+21.489, +8.546,+0.950
1661611800,+3.53,+21.481, +8.540,+0.950
1661612400,+3.53,+21.489, +8.544,+0.950
1661613000,+3.53,+21.481, +8.543,+0.950
1661613600,+3.53,+21.497, +8.532,+0.950
1661614200,+3.53,+21.506, +8.532,+0.950
1661614800,+3.53,+21.481, +8.544,+0.950
1661615400,+3.53,+21.497, +8.534,+0.950
1661616000,+3.53,+21.497, +8.538,+0.950
1661616600,+3.53,+21.506, +8.532,+0.950
1661617200,+3.53,+21.506, +8.527,+0.950
1661617800,+3.53,+21.506, +8.532,+0.950
1661618400,+3.53,+21.506, +8.531,+0.950
1661619000,+3.53,+21.531, +8.525,+0.950
1661619600,+3.53,+21.514, +8.531,+0.950
1661620200,+3.53,+21.506, +8.535,+0.950
1661620800,+3.53,+21.522, +8.527,+0.950
1661621400,+3.53,+21.522, +8.534,+0.950
1661622000,+3.53,+21.531, +8.518,+0.950
1661622600,+3.53,+21.514, +8.526,+0.950
1661623200,+3.53,+21.531, +8.528,+0.950
1661623800,+3.53,+21.522, +8.527,+0.950
1661624400,+3.53,+21.531, +8.524,+0.950
1661625000,+3.53,+21.522, +8.523,+0.950
1661625600,+3.53,+21.539, +8.521,+0.950
1661626200,+3.53,+21.531, +8.522,+0.950
1661626800,+3.53,+21.531, +8.523,+0.950
1661627400,+3.53,+21.497, +8.538,+0.950
1661628000,+3.53,+21.506, +8.523,+0.950
1661628600,+3.53,+21.506, +8.521,+0.950
1661629200,+3.53,+21.481, +8.528,+0.950
1661629800,+3.53,+21.489, +8.528,+0.950
1661630400,+3.53,+21.472, +8.531,+0.950
1661631000,+3.53,+21.464, +8.530,+0.950
1661631600,+3.53,+21.481, +8.529,+0.950
1661632200,+3.53,+21.497, +8.517,+0.950
1661632800,+3.53,+21.506, +8.515,+0.950
1661633400,+3.53,+21.497, +8.522,+0.950
1661634000,+3.53,+21.531, +8.508,+0.950
1661634600,+3.53,+21.539, +8.516,+0.950
1661635200,+3.53,+21.547, +8.513,+0.950
1661635800,+3.53,+21.564, +8.504,+0.950
1661636400,+3.53,+21.564, +8.508,+0.950
1661637000,+3.53,+21.581, +8.506,+0.950
1661637600,+3.53,+21.556, +8.520,+0.950
1661638200,+3.53,+21.581, +8.512,+0.950
1661638800,+3.53,+21.589, +8.504,+0.950
1661639400,+3.53,+21.572, +8.509,+0.950
1661640000,+3.53,+21.572, +8.514,+0.950
1661640600,+3.53,+21.597, +8.510,+0.950
1661641200,+3.53,+21.597, +8.509,+0.950
1661641800,+3.53,+21.589, +8.510,+0.950
1661642400,+3.53,+21.589, +8.518,+0.950
1661643000,+3.53,+21.589, +8.507,+0.950
1661643600,+3.53,+21.597, +8.516,+0.951
1661644200,+3.53,+21.597, +8.506,+0.950
