7450-759077
OS REV: 1.05 Sensor Cal: 1635263504
Time (sec),  BV (Volts),  T (deg C),  DO (mg/l),  Q ()
1659382800,+3.52,+15.848,+16.226,+0.947
1659383400,+3.52,+15.890,+16.205,+0.947
1659384000,+3.52,+15.906,+16.246,+0.947
1659384600,+3.52,+15.915,+16.265,+0.947
1659385200,+3.52,+15.932,+16.384,+0.947
1659385800,+3.52,+15.906,+16.251,+0.947
1659386400,+3.52,+15.932,+16.433,+0.947
1659387000,+3.52,+15.915,+16.405,+0.947
1659387600,+3.52,+15.915,+16.427,+0.946
1659388200,+3.52,+15.898,+16.530,+0.947
1659388800,+3.52,+15.906,+16.551,+0.947
1659389400,+3.52,+15.873,+16.656,+0.946
1659390000,+3.52,+15.881,+16.613,+0.946
1659390600,+3.52,+15.890,+16.621,+0.946
1659391200,+3.52,+15.865,+16.715,+0.946
1659391800,+3.52,+15.839,+16.716,+0.947
1659392400,+3.52,+15.823,+16.734,+0.947
1659393000,+3.52,+15.797,+16.705,+0.947
1659393600,+3.52,+15.789,+16.705,+0.947
1659394200,+3.52,+15.764,+16.726,+0.948
1659394800,+3.52,+15.738,+16.717,+0.947
1659395400,+3.52,+15.722,+16.782,+0.948
1659396000,+3.52,+15.705,+16.659,+0.947
1659396600,+3.52,+15.696,+16.624,+0.947
1659397200,+3.52,+15.671,+16.421,+0.947
1659397800,+3.52,+15.663,+16.494,+0.947
1659398400,+3.52,+15.646,+16.631,+0.947
1659399000,+3.52,+15.629,+16.660,+0.947
1659399600,+3.52,+15.595,+16.646,+0.947
1659400200,+3.52,+15.579,+16.659,+0.948
1659400800,+3.52,+15.579,+16.443,+0.946
1659401400,+3.52,+15.587,+16.614,+0.947
1659402000,+3.52,+15.604,+16.614,+0.948
1659402600,+3.52,+15.646,+16.526,+0.947
1659403200,+3.52,+15.696,+16.217,+0.947
1659403800,+3.52,+15.730,+16.117,+0.947
1659404400,+3.52,+15.789,+16.415,+0.947
1659405000,+3.52,+15.823,+16.520,+0.947
1659405600,+3.52,+15.848,+16.377,+0.946
1659406200,+3.52,+15.831,+15.650,+0.947
1659406800,+3.52,+15.856,+15.179,+0.948
1659407400,+3.52,+15.856,+15.060,+0.947
1659408000,+3.52,+15.865,+14.949,+0.947
1659408600,+3.52,+15.873,+14.939,+0.948
1659409200,+3.52,+15.848,+14.696,+0.947
1659409800,+3.52,+15.831,+14.702,+0.947
1659410400,+3.52,+15.831,+14.745,+0.947
1659411000,+3.52,+15.806,+14.690,+0.947
1659411600,+3.52,+15.755,+14.682,+0.948
1659412200,+3.52,+15.747,+14.612,+0.947
1659412800,+3.52,+15.705,+14.600,+0.948
1659413400,+3.52,+15.663,+14.572,+0.947
1659414000,+3.52,+15.604,+14.587,+0.948
1659414600,+3.52,+15.579,+14.458,+0.948
1659415200,+3.52,+15.545,+14.354,+0.948
1659415800,+3.52,+15.520,+14.318,+0.948
1659416400,+3.52,+15.520,+14.299,+0.948
1659417000,+3.52,+15.494,+14.175,+0.948
1659417600,+3.52,+15.486,+14.225,+0.948
1659418200,+3.52,+15.503,+14.028,+0.947
1659418800,+3.52,+15.511,+13.841,+0.948
1659419400,+3.52,+15.570,+13.775,+0.948
1659420000,+3.52,+15.579,+14.238,+0.948
1659420600,+3.52,+15.621,+14.483,+0.948
1659421200,+3.52,+15.638,+14.584,+0.947
1659421800,+3.52,+15.663,+14.278,+0.948
1659422400,+3.52,+15.654,+14.387,+0.948
1659423000,+3.52,+15.671,+14.498,+0.948
1659423600,+3.52,+15.663,+14.477,+0.948
1659424200,+3.52,+15.671,+14.341,+0.948
1659424800,+3.52,+15.663,+14.352,+0.948
1659425400,+3.52,+15.663,+14.285,+0.948
1659426000,+3.52,+15.638,+14.211,+0.948
1659426600,+3.52,+15.621,+14.171,+0.948
1659427200,+3.52,+15.579,+14.071,+0.948
1659427800,+3.52,+15.553,+14.118,+0.948
1659428400,+3.52,+15.537,+14.205,+0.948
1659429000,+3.52,+15.486,+14.271,+0.948
1659429600,+3.51,+15.444,+14.224,+0.947
1659430200,+3.52,+15.436,+14.199,+0.948
1659430800,+3.52,+15.385,+14.032,+0.948
1659431400,+3.52,+15.377,+14.237,+0.949
1659432000,+3.52,+15.368,+14.279,+0.948
1659432600,+3.52,+15.377,+14.311,+0.948
1659433200,+3.52,+15.385,+14.053,+0.948
1659433800,+3.52,+15.436,+14.126,+0.948
1659434400,+3.52,+15.486,+14.037,+0.948
1659435000,+3.52,+15.587,+14.350,+0.948
1659435600,+3.52,+15.629,+14.723,+0.948
1659436200,+3.52,+15.680,+15.059,+0.948
1659436800,+3.52,+15.688,+15.289,+0.947
1659437400,+3.52,+15.730,+15.482,+0.947
1659438000,+3.52,+15.747,+15.414,+0.947
1659438600,+3.52,+15.797,+15.458,+0.947
1659439200,+3.52,+15.806,+15.533,+0.947
1659439800,+3.52,+15.823,+15.581,+0.946
1659440400,+3.52,+15.831,+15.625,+0.948
1659441000,+3.52,+15.839,+15.592,+0.946
1659441600,+3.52,+15.823,+15.788,+0.947
1659442200,+3.52,+15.831,+15.914,+0.947
1659442800,+3.52,+15.806,+15.876,+0.946
1659443400,+3.52,+15.806,+15.846,+0.948
1659444000,+3.52,+15.755,+16.074,+0.947
1659444600,+3.52,+15.780,+16.129,+0.947
1659445200,+3.52,+15.755,+16.159,+0.947
1659445800,+3.52,+15.722,+16.100,+0.947
1659446400,+3.52,+15.713,+16.168,+0.947
1659447000,+3.52,+15.663,+16.267,+0.947
1659447600,+3.52,+15.638,+16.297,+0.947
1659448200,+3.52,+15.612,+16.143,+0.947
1659448800,+3.52,+15.595,+16.204,+0.948
1659449400,+3.52,+15.570,+16.187,+0.947
1659450000,+3.52,+15.545,+16.220,+0.947
1659450600,+3.52,+15.511,+16.276,+0.947
1659451200,+3.52,+15.553,+16.062,+0.947
1659451800,+3.52,+15.579,+16.109,+0.947
1659452400,+3.52,+15.604,+16.227,+0.947
1659453000,+3.52,+15.621,+16.379,+0.946
1659453600,+3.52,+15.680,+16.528,+0.947
1659454200,+3.52,+15.730,+16.416,+0.948
1659454800,+3.52,+15.755,+16.591,+0.947
1659455400,+3.52,+15.797,+16.622,+0.947
1659456000,+3.52,+15.831,+16.351,+0.947
1659456600,+3.52,+15.856,+16.273,+0.947
1659457200,+3.52,+15.873,+16.428,+0.946
1659457800,+3.52,+15.873,+16.208,+0.947
1659458400,+3.52,+15.865,+16.245,+0.946
1659459000,+3.52,+15.881,+16.481,+0.947
1659459600,+3.52,+15.898,+16.596,+0.946
1659460200,+3.52,+15.890,+16.613,+0.946
1659460800,+3.52,+15.890,+16.631,+0.947
1659461400,+3.52,+15.856,+16.740,+0.947
1659462000,+3.52,+15.848,+16.522,+0.946
1659462600,+3.52,+15.831,+16.663,+0.947
1659463200,+3.52,+15.814,+16.665,+0.947
1659463800,+3.52,+15.780,+16.664,+0.947
1659464400,+3.52,+15.755,+16.763,+0.947
1659465000,+3.52,+15.738,+16.907,+0.947
1659465600,+3.52,+15.713,+16.769,+0.947
1659466200,+3.52,+15.680,+16.692,+0.947
1659466800,+3.52,+15.671,+16.019,+0.947
1659467400,+3.52,+15.638,+16.305,+0.947
1659468000,+3.52,+15.629,+16.523,+0.948
1659468600,+3.52,+15.604,+16.643,+0.947
1659469200,+3.52,+15.604,+16.506,+0.947
