7450-929740
OS REV: 1.05 Sensor Cal: 1635261809
Time (sec),  BV (Volts),  T (deg C),  DO (mg/l),  Q ()
1661470980,+3.50,+15.622, +4.962,+0.959
1661471580,+3.50,+15.614, +4.960,+0.960
1661472180,+3.50,+15.614, +4.940,+0.960
1661472780,+3.50,+15.588, +4.934,+0.960
1661473380,+3.50,+15.596, +4.918,+0.960
1661473980,+3.50,+15.579, +4.925,+0.960
1661474580,+3.50,+15.562, +4.807,+0.960
1661475180,+3.50,+15.554, +4.707,+0.960
1661475780,+3.50,+15.562, +4.687,+0.960
1661476380,+3.50,+15.631, +4.699,+0.960
1661476980,+3.50,+15.656, +4.681,+0.960
1661477580,+3.50,+15.682, +4.581,+0.960
1661478180,+3.50,+15.716, +4.625,+0.960
1661478780,+3.50,+15.793, +4.678,+0.960
1661479380,+3.50,+15.844, +4.615,+0.960
1661479980,+3.50,+15.810, +4.046,+0.960
1661480580,+3.50,+15.819, +3.564,+0.960
1661481180,+3.50,+15.862, +3.487,+0.959
1661481780,+3.50,+15.870, +3.412,+0.959
1661482380,+3.50,+15.896, +3.597,+0.959
1661482980,+3.50,+15.904, +3.633,+0.959
1661483580,+3.50,+15.904, +3.586,+0.959
1661484180,+3.50,+15.879, +3.266,+0.960
1661484780,+3.50,+15.879, +2.897,+0.960
1661485380,+3.50,+15.879, +2.573,+0.958
1661485980,+3.50,+15.862, +2.471,+0.958
1661486580,+3.50,+15.836, +2.321,+0.957
1661487180,+3.50,+15.810, +2.376,+0.956
1661487780,+3.50,+15.810, +2.120,+0.958
1661488380,+3.50,+15.776, +1.904,+0.957
1661488980,+3.50,+15.725, +1.947,+0.957
1661489580,+3.50,+15.716, +2.346,+0.958
1661490180,+3.50,+15.665, +2.180,+0.959
1661490780,+3.50,+15.622, +2.407,+0.959
1661491380,+3.50,+15.596, +2.216,+0.959
1661491980,+3.50,+15.588, +1.999,+0.959
1661492580,+3.50,+15.536, +1.824,+0.958
1661493180,+3.50,+15.545, +1.738,+0.958
1661493780,+3.50,+15.511, +1.565,+0.957
1661494380,+3.50,+15.545, +1.330,+0.956
1661494980,+3.50,+15.536, +1.245,+0.956
1661495580,+3.50,+15.562, +1.276,+0.956
1661496180,+3.50,+15.622, +1.563,+0.957
1661496780,+3.50,+15.656, +1.611,+0.957
1661497380,+3.50,+15.691, +1.685,+0.957
1661497980,+3.50,+15.725, +2.145,+0.958
1661498580,+3.50,+15.750, +2.276,+0.959
1661499180,+3.50,+15.759, +2.333,+0.959
1661499780,+3.50,+15.793, +1.830,+0.958
1661500380,+3.50,+15.802, +1.851,+0.959
1661500980,+3.50,+15.802, +2.417,+0.959
1661501580,+3.50,+15.819, +2.423,+0.959
1661502180,+3.50,+15.793, +2.089,+0.959
1661502780,+3.50,+15.793, +1.562,+0.957
1661503380,+3.50,+15.776, +1.329,+0.957
1661503980,+3.50,+15.768, +1.198,+0.955
1661504580,+3.50,+15.742, +1.184,+0.954
1661505180,+3.50,+15.708, +1.271,+0.955
1661505780,+3.50,+15.699, +1.478,+0.956
1661506380,+3.50,+15.665, +1.538,+0.957
1661506980,+3.50,+15.639, +1.644,+0.957
1661507580,+3.50,+15.588, +1.733,+0.958
1661508180,+3.50,+15.605, +1.986,+0.961
1661508780,+3.50,+15.588, +2.974,+0.962
1661509380,+3.50,+15.545, +3.628,+0.961
1661509980,+3.50,+15.562, +3.847,+0.961
1661510580,+3.50,+15.588, +3.995,+0.960
1661511180,+3.50,+15.656, +4.028,+0.960
1661511780,+3.50,+15.673, +3.990,+0.960
1661512380,+3.50,+15.750, +3.942,+0.960
1661512980,+3.50,+15.802, +3.994,+0.960
1661513580,+3.50,+15.827, +3.934,+0.960
1661514180,+3.50,+15.844, +3.885,+0.961
1661514780,+3.50,+15.913, +3.849,+0.961
1661515380,+3.50,+15.938, +3.907,+0.960
1661515980,+3.50,+15.964, +3.955,+0.960
1661516580,+3.50,+16.007, +3.946,+0.960
1661517180,+3.50,+16.032, +4.023,+0.960
1661517780,+3.50,+16.066, +4.108,+0.960
1661518380,+3.50,+16.066, +4.089,+0.960
1661518980,+3.50,+16.066, +4.047,+0.960
1661519580,+3.50,+16.075, +4.020,+0.960
1661520180,+3.50,+16.075, +4.026,+0.960
1661520780,+3.50,+16.280, +4.526,+0.959
1661521380,+3.50,+16.365, +4.432,+0.959
1661521980,+3.50,+16.339, +4.382,+0.959
1661522580,+3.50,+16.297, +4.361,+0.960
1661523180,+3.50,+16.263, +4.377,+0.960
1661523780,+3.50,+16.254, +4.361,+0.960
1661524380,+3.50,+16.246, +4.348,+0.960
1661524980,+3.50,+16.211, +4.359,+0.960
1661525580,+3.50,+16.160, +4.374,+0.960
1661526180,+3.50,+16.143, +4.386,+0.960
1661526780,+3.50,+16.109, +4.380,+0.960
1661527380,+3.50,+16.101, +4.367,+0.960
1661527980,+3.50,+16.049, +4.366,+0.960
1661528580,+3.50,+16.058, +4.367,+0.960
1661529180,+3.50,+16.032, +4.367,+0.960
1661529780,+3.50,+16.007, +4.366,+0.960
1661530380,+3.50,+16.015, +4.352,+0.960
1661530980,+3.50,+15.981, +4.361,+0.960
1661531580,+3.50,+15.947, +4.347,+0.960
1661532180,+3.50,+15.947, +4.345,+0.960
1661532780,+3.50,+15.913, +4.348,+0.960
1661533380,+3.50,+15.896, +4.346,+0.960
1661533980,+3.50,+15.887, +4.346,+0.960
1661534580,+3.50,+15.844, +4.355,+0.960
1661535180,+3.50,+15.827, +4.351,+0.960
1661535780,+3.50,+15.819, +4.345,+0.960
1661536380,+3.50,+15.827, +4.348,+0.960
1661536980,+3.50,+15.776, +4.348,+0.960
1661537580,+3.50,+15.768, +4.343,+0.960
1661538180,+3.50,+15.750, +4.339,+0.960
1661538780,+3.50,+15.776, +4.313,+0.960
1661539380,+3.50,+15.742, +4.321,+0.960
1661539980,+3.50,+19.319, +8.642,+0.955
1661540580,+3.50,+21.578, +8.415,+0.954
1661541180,+3.50,+22.430, +8.124,+0.953
1661541780,+3.50,+22.522, +8.097,+0.954
1661542380,+3.50,+22.572, +8.080,+0.954
1661542980,+3.50,+22.606, +8.166,+0.953
1661543580,+3.50,+23.275, +8.140,+0.959
1661544180,+3.50,+22.831, +8.198,+0.958
1661544780,+3.50,+22.472, +8.249,+0.959
