7450-929740
OS REV: 1.05 Sensor Cal: 1635261809
Time (sec),  BV (Volts),  T (deg C),  DO (mg/l),  Q ()
1660165980,+3.50,+15.896,+12.736,+0.956
1660166580,+3.50,+15.887,+12.751,+0.957
1660167180,+3.50,+15.836,+12.732,+0.956
1660167780,+3.50,+15.827,+12.745,+0.956
1660168380,+3.50,+15.785,+12.756,+0.957
1660168980,+3.50,+15.742,+12.750,+0.956
1660169580,+3.50,+15.708,+12.683,+0.956
1660170180,+3.50,+15.699,+12.679,+0.956
1660170780,+3.50,+15.725,+12.668,+0.956
1660171380,+3.50,+15.750,+12.657,+0.957
1660171980,+3.50,+15.768,+12.683,+0.957
1660172580,+3.50,+15.793,+12.681,+0.956
1660173180,+3.50,+15.819,+12.659,+0.956
1660173780,+3.50,+15.870,+12.638,+0.956
1660174380,+3.50,+15.896,+12.648,+0.956
1660174980,+3.50,+15.913,+12.648,+0.956
1660175580,+3.50,+15.930,+12.630,+0.957
1660176180,+3.50,+15.973,+12.605,+0.956
1660176780,+3.50,+15.981,+12.599,+0.956
1660177380,+3.50,+15.973,+12.632,+0.957
1660177980,+3.50,+15.973,+12.601,+0.956
1660178580,+3.50,+15.973,+12.634,+0.957
1660179180,+3.50,+15.956,+12.636,+0.956
1660179780,+3.50,+15.938,+12.617,+0.957
1660180380,+3.50,+15.887,+12.580,+0.957
1660180980,+3.50,+15.844,+12.571,+0.957
1660181580,+3.50,+15.819,+12.552,+0.956
1660182180,+3.50,+15.793,+12.562,+0.957
1660182780,+3.50,+15.750,+12.553,+0.956
1660183380,+3.50,+15.673,+12.550,+0.956
1660183980,+3.50,+15.665,+12.226,+0.956
1660184580,+3.50,+15.656,+12.187,+0.956
1660185180,+3.50,+15.682,+12.071,+0.956
1660185780,+3.50,+15.691,+11.979,+0.956
1660186380,+3.50,+15.682,+12.034,+0.956
1660186980,+3.50,+15.691,+11.955,+0.956
1660187580,+3.50,+15.716,+11.903,+0.956
1660188180,+3.50,+15.725,+11.828,+0.957
1660188780,+3.50,+15.759,+11.724,+0.956
1660189380,+3.50,+15.776,+11.681,+0.956
1660189980,+3.50,+15.810,+11.633,+0.956
1660190580,+3.50,+15.819,+11.546,+0.956
1660191180,+3.50,+15.827,+11.626,+0.957
1660191780,+3.50,+15.810,+11.643,+0.957
1660192380,+3.50,+15.819,+11.574,+0.956
1660192980,+3.50,+15.810,+11.608,+0.956
1660193580,+3.50,+15.819,+11.398,+0.956
1660194180,+3.50,+15.759,+11.297,+0.956
1660194780,+3.50,+15.708,+11.118,+0.957
1660195380,+3.50,+15.682,+11.095,+0.956
1660195980,+3.50,+15.622,+11.124,+0.957
1660196580,+3.50,+15.605,+11.150,+0.957
1660197180,+3.50,+15.545,+11.103,+0.957
1660197780,+3.50,+15.536,+11.022,+0.957
1660198380,+3.50,+15.511,+11.022,+0.957
1660198980,+3.50,+15.519,+10.948,+0.956
1660199580,+3.50,+15.519,+11.091,+0.957
1660200180,+3.50,+15.511,+10.976,+0.956
1660200780,+3.50,+15.511,+10.853,+0.957
1660201380,+3.50,+15.545,+10.835,+0.956
1660201980,+3.50,+15.562,+10.882,+0.956
1660202580,+3.50,+15.579,+10.788,+0.957
1660203180,+3.50,+15.639,+10.686,+0.956
1660203780,+3.50,+15.648,+10.671,+0.956
1660204380,+3.50,+15.673,+10.624,+0.956
1660204980,+3.50,+15.699,+10.664,+0.956
1660205580,+3.50,+15.716,+10.944,+0.956
1660206180,+3.50,+15.750,+10.959,+0.956
1660206780,+3.50,+15.759,+10.986,+0.956
1660207380,+3.50,+15.768,+10.921,+0.956
1660207980,+3.50,+15.725,+11.004,+0.956
1660208580,+3.50,+15.776,+10.908,+0.956
1660209180,+3.50,+15.750,+10.816,+0.956
1660209780,+3.50,+15.708,+10.823,+0.957
1660210380,+3.50,+15.682,+10.848,+0.956
1660210980,+3.50,+15.648,+10.756,+0.956
1660211580,+3.50,+15.596,+10.797,+0.956
1660212180,+3.50,+15.588,+10.791,+0.957
1660212780,+3.50,+15.596,+11.004,+0.957
1660213380,+3.50,+15.588,+11.226,+0.956
1660213980,+3.50,+15.536,+11.413,+0.956
1660214580,+3.50,+15.554,+11.558,+0.956
1660215180,+3.50,+15.571,+11.632,+0.957
1660215780,+3.50,+15.596,+11.679,+0.956
1660216380,+3.50,+15.631,+11.709,+0.956
1660216980,+3.50,+15.665,+11.729,+0.956
1660217580,+3.50,+15.708,+11.732,+0.956
1660218180,+3.50,+15.768,+11.774,+0.957
1660218780,+3.50,+15.776,+11.807,+0.957
1660219380,+3.50,+15.853,+11.828,+0.957
1660219980,+3.50,+15.862,+11.857,+0.957
1660220580,+3.50,+15.887,+11.853,+0.956
1660221180,+3.50,+15.896,+11.870,+0.957
1660221780,+3.50,+15.913,+11.890,+0.956
1660222380,+3.50,+15.930,+11.875,+0.956
1660222980,+3.50,+15.930,+11.866,+0.956
1660223580,+3.50,+15.896,+11.895,+0.956
1660224180,+3.50,+15.887,+11.932,+0.956
1660224780,+3.50,+15.862,+11.965,+0.957
1660225380,+3.50,+15.836,+11.989,+0.957
1660225980,+3.50,+15.802,+11.988,+0.956
1660226580,+3.50,+15.768,+12.018,+0.957
1660227180,+3.50,+15.733,+12.039,+0.957
1660227780,+3.50,+15.699,+12.034,+0.956
1660228380,+3.50,+15.673,+12.044,+0.956
1660228980,+3.50,+15.682,+12.033,+0.957
1660229580,+3.50,+15.887,+11.691,+0.956
1660230180,+3.50,+15.973,+11.695,+0.956
1660230780,+3.50,+15.998,+11.638,+0.956
1660231380,+3.50,+16.015,+11.660,+0.957
1660231980,+3.50,+15.990,+11.685,+0.956
1660232580,+3.50,+16.058,+11.652,+0.956
1660233180,+3.50,+16.075,+11.598,+0.956
1660233780,+3.50,+16.066,+11.615,+0.957
1660234380,+3.50,+16.092,+11.614,+0.956
1660234980,+3.50,+16.084,+11.629,+0.956
1660235580,+3.50,+16.075,+11.643,+0.956
1660236180,+3.50,+16.075,+11.712,+0.957
1660236780,+3.50,+16.041,+11.777,+0.956
1660237380,+3.50,+16.007,+11.794,+0.956
1660237980,+3.50,+15.981,+11.811,+0.957
1660238580,+3.50,+15.930,+11.809,+0.956
1660239180,+3.50,+15.904,+11.771,+0.956
1660239780,+3.50,+15.844,+11.781,+0.956
1660240380,+3.50,+15.802,+11.799,+0.957
1660240980,+3.50,+15.785,+11.814,+0.957
1660241580,+3.50,+15.759,+11.813,+0.957
1660242180,+3.50,+15.725,+11.775,+0.957
1660242780,+3.50,+15.725,+11.679,+0.957
1660243380,+3.50,+15.742,+11.727,+0.957
1660243980,+3.50,+15.759,+11.734,+0.957
1660244580,+3.50,+15.785,+11.715,+0.957
1660245180,+3.50,+15.819,+11.738,+0.957
1660245780,+3.50,+15.853,+11.703,+0.956
1660246380,+3.50,+15.896,+11.700,+0.956
1660246980,+3.50,+15.930,+11.726,+0.956
1660247580,+3.50,+15.956,+11.746,+0.956
1660248180,+3.50,+15.947,+11.695,+0.956
1660248780,+3.50,+15.964,+11.711,+0.957
1660249380,+3.50,+15.981,+11.748,+0.956
1660249980,+3.50,+15.981,+11.758,+0.957
1660250580,+3.50,+15.973,+11.793,+0.956
1660251180,+3.50,+15.938,+11.838,+0.956
1660251780,+3.50,+15.938,+11.847,+0.956
1660252380,+3.50,+16.203,+11.600,+0.956
