7450-929740
OS REV: 1.05 Sensor Cal: 1635261809
Time (sec),  BV (Volts),  T (deg C),  DO (mg/l),  Q ()
1661383980,+3.50,+16.126, +5.415,+0.959
1661384580,+3.50,+16.118, +5.427,+0.959
1661385180,+3.50,+16.109, +5.400,+0.959
1661385780,+3.50,+16.126, +5.374,+0.959
1661386380,+3.50,+16.135, +5.386,+0.958
1661386980,+3.50,+16.135, +5.428,+0.958
1661387580,+3.50,+16.109, +5.452,+0.958
1661388180,+3.50,+16.101, +5.458,+0.959
1661388780,+3.50,+16.084, +5.453,+0.959
1661389380,+3.50,+16.058, +5.453,+0.959
1661389980,+3.50,+16.058, +5.460,+0.959
1661390580,+3.50,+16.015, +5.458,+0.959
1661391180,+3.50,+15.990, +5.457,+0.959
1661391780,+3.50,+15.973, +5.455,+0.959
1661392380,+3.50,+15.947, +5.458,+0.959
1661392980,+3.50,+15.947, +5.444,+0.959
1661393580,+3.50,+15.836, +4.968,+0.959
1661394180,+3.50,+15.819, +4.565,+0.959
1661394780,+3.50,+15.802, +3.894,+0.960
1661395380,+3.50,+15.785, +3.355,+0.959
1661395980,+3.50,+15.742, +3.088,+0.959
1661396580,+3.50,+15.708, +2.954,+0.960
1661397180,+3.50,+15.665, +2.902,+0.960
1661397780,+3.50,+15.631, +2.874,+0.960
1661398380,+3.50,+15.596, +2.791,+0.959
1661398980,+3.50,+15.571, +2.686,+0.959
1661399580,+3.50,+15.545, +2.629,+0.959
1661400180,+3.50,+15.536, +2.517,+0.959
1661400780,+3.50,+15.562, +2.153,+0.958
1661401380,+3.50,+15.536, +2.500,+0.958
1661401980,+3.50,+15.571, +2.306,+0.959
1661402580,+3.50,+15.614, +2.331,+0.959
1661403180,+3.50,+15.656, +2.368,+0.958
1661403780,+3.50,+15.691, +2.314,+0.957
1661404380,+3.50,+15.742, +2.288,+0.956
1661404980,+3.50,+15.768, +2.925,+0.959
1661405580,+3.50,+15.785, +2.938,+0.960
1661406180,+3.50,+15.810, +2.346,+0.959
1661406780,+3.50,+15.793, +2.422,+0.959
1661407380,+3.50,+15.810, +2.917,+0.959
1661407980,+3.50,+15.819, +3.032,+0.958
1661408580,+3.50,+15.819, +3.362,+0.959
1661409180,+3.50,+15.802, +3.426,+0.960
1661409780,+3.50,+15.776, +2.754,+0.960
1661410380,+3.50,+15.759, +2.372,+0.960
1661410980,+3.50,+15.742, +2.575,+0.959
1661411580,+3.50,+15.725, +2.503,+0.959
1661412180,+3.50,+15.691, +2.347,+0.960
1661412780,+3.50,+15.665, +2.328,+0.959
1661413380,+3.50,+15.614, +2.596,+0.959
1661413980,+3.50,+15.588, +2.519,+0.960
1661414580,+3.50,+15.545, +2.377,+0.960
1661415180,+3.50,+15.536, +2.295,+0.959
1661415780,+3.50,+15.519, +2.138,+0.959
1661416380,+3.50,+15.502, +2.448,+0.958
1661416980,+3.50,+15.511, +1.868,+0.955
1661417580,+3.50,+15.502, +2.067,+0.954
1661418180,+3.50,+15.545, +2.001,+0.955
1661418780,+3.50,+15.562, +2.336,+0.957
1661419380,+3.50,+15.631, +2.226,+0.957
1661419980,+3.50,+15.691, +2.386,+0.958
1661420580,+3.50,+15.733, +2.490,+0.957
1661421180,+3.50,+15.725, +2.252,+0.956
1661421780,+3.50,+15.785, +2.187,+0.957
1661422380,+3.50,+15.819, +3.016,+0.961
1661422980,+3.50,+15.844, +4.017,+0.961
1661423580,+3.50,+15.862, +4.523,+0.960
1661424180,+3.50,+15.853, +4.644,+0.960
1661424780,+3.50,+15.870, +4.685,+0.960
1661425380,+3.50,+15.887, +4.697,+0.960
1661425980,+3.50,+15.862, +4.690,+0.960
1661426580,+3.50,+15.887, +4.714,+0.960
1661427180,+3.50,+15.862, +4.767,+0.960
1661427780,+3.50,+15.862, +4.775,+0.960
1661428380,+3.50,+15.862, +4.771,+0.960
1661428980,+3.50,+15.853, +4.780,+0.959
1661429580,+3.50,+15.836, +4.781,+0.960
1661430180,+3.50,+15.819, +4.793,+0.960
1661430780,+3.50,+15.802, +4.817,+0.959
1661431380,+3.50,+15.802, +4.835,+0.960
1661431980,+3.50,+15.793, +4.847,+0.960
1661432580,+3.50,+15.793, +4.852,+0.960
1661433180,+3.50,+15.759, +4.850,+0.959
1661433780,+3.50,+15.742, +4.864,+0.960
1661434380,+3.50,+15.750, +4.868,+0.960
1661434980,+3.50,+15.733, +4.880,+0.960
1661435580,+3.50,+15.716, +4.884,+0.960
1661436180,+3.50,+15.699, +4.885,+0.960
1661436780,+3.50,+15.691, +4.896,+0.960
1661437380,+3.50,+15.682, +4.900,+0.960
1661437980,+3.50,+15.673, +4.910,+0.959
1661438580,+3.50,+15.656, +4.921,+0.960
1661439180,+3.50,+15.947, +5.064,+0.960
1661439780,+3.50,+16.024, +5.020,+0.959
1661440380,+3.50,+15.981, +5.024,+0.959
1661440980,+3.50,+15.956, +5.029,+0.959
1661441580,+3.50,+15.913, +5.053,+0.959
1661442180,+3.50,+15.853, +5.065,+0.959
1661442780,+3.50,+15.844, +4.973,+0.960
1661443380,+3.50,+15.836, +4.963,+0.960
1661443980,+3.50,+15.887, +4.919,+0.959
1661444580,+3.50,+15.896, +4.917,+0.959
1661445180,+3.50,+15.956, +4.922,+0.959
1661445780,+3.50,+15.973, +4.839,+0.959
1661446380,+3.50,+16.024, +4.849,+0.959
1661446980,+3.50,+16.041, +4.828,+0.959
1661447580,+3.50,+16.066, +4.855,+0.960
1661448180,+3.50,+16.118, +4.857,+0.959
1661448780,+3.50,+16.118, +4.874,+0.959
1661449380,+3.50,+16.143, +4.912,+0.960
1661449980,+3.50,+16.143, +4.904,+0.959
1661450580,+3.50,+16.126, +4.919,+0.960
1661451180,+3.50,+16.152, +4.891,+0.959
1661451780,+3.50,+16.143, +4.940,+0.959
1661452380,+3.50,+16.152, +4.955,+0.959
1661452980,+3.50,+16.118, +4.982,+0.959
1661453580,+3.50,+16.126, +4.975,+0.959
1661454180,+3.50,+16.126, +4.972,+0.959
1661454780,+3.50,+16.101, +4.974,+0.959
1661455380,+3.50,+16.101, +4.975,+0.959
1661455980,+3.50,+16.084, +4.977,+0.959
1661456580,+3.50,+16.049, +4.985,+0.959
1661457180,+3.50,+16.066, +4.990,+0.959
1661457780,+3.50,+16.041, +5.003,+0.959
1661458380,+3.50,+16.015, +5.011,+0.960
1661458980,+3.50,+15.990, +5.007,+0.959
1661459580,+3.50,+15.964, +5.013,+0.959
1661460180,+3.50,+15.973, +5.010,+0.960
1661460780,+3.50,+15.930, +5.015,+0.960
1661461380,+3.50,+15.930, +5.013,+0.959
1661461980,+3.50,+15.887, +5.014,+0.959
1661462580,+3.50,+15.853, +5.018,+0.960
1661463180,+3.50,+15.862, +5.002,+0.959
1661463780,+3.50,+15.853, +4.995,+0.959
1661464380,+3.50,+15.810, +5.003,+0.959
1661464980,+3.50,+15.802, +4.996,+0.959
1661465580,+3.50,+15.776, +4.998,+0.960
1661466180,+3.50,+15.750, +4.995,+0.960
1661466780,+3.50,+15.742, +4.987,+0.960
1661467380,+3.50,+15.708, +4.984,+0.960
1661467980,+3.50,+15.699, +4.965,+0.960
1661468580,+3.50,+15.682, +4.969,+0.960
1661469180,+3.50,+15.665, +4.970,+0.960
1661469780,+3.50,+15.656, +4.972,+0.960
1661470380,+3.50,+15.614, +4.971,+0.960
