7450-929740
OS REV: 1.05 Sensor Cal: 1635261809
Time (sec),  BV (Volts),  T (deg C),  DO (mg/l),  Q ()
1657903980,+3.50,+15.947,+24.929,+0.966
1657904580,+3.50,+15.964,+24.673,+0.965
1657905180,+3.50,+16.024,+24.142,+0.965
1657905780,+3.50,+16.041,+23.344,+0.963
1657906380,+3.50,+16.041,+23.790,+0.964
1657906980,+3.50,+16.058,+24.530,+0.966
1657907580,+3.50,+16.058,+24.610,+0.966
1657908180,+3.50,+16.066,+24.384,+0.965
1657908780,+3.50,+16.049,+24.365,+0.966
1657909380,+3.50,+16.041,+24.184,+0.965
1657909980,+3.50,+16.041,+24.014,+0.965
1657910580,+3.50,+16.024,+24.084,+0.965
1657911180,+3.50,+16.007,+24.310,+0.966
1657911780,+3.50,+15.973,+24.385,+0.966
1657912380,+3.50,+15.956,+24.398,+0.965
1657912980,+3.50,+15.947,+24.974,+0.966
1657913580,+3.51,+15.913,+24.856,+0.965
1657914180,+3.51,+15.896,+24.681,+0.964
1657914780,+3.51,+15.887,+24.944,+0.966
1657915380,+3.51,+15.836,+24.756,+0.964
1657915980,+3.51,+15.819,+24.702,+0.965
1657916580,+3.51,+15.785,+24.633,+0.966
1657917180,+3.51,+15.759,+24.900,+0.964
1657917780,+3.50,+15.733,+24.868,+0.967
1657918380,+3.50,+15.716,+24.678,+0.964
1657918980,+3.50,+15.725,+24.406,+0.966
1657919580,+3.51,+15.742,+24.525,+0.964
1657920180,+3.51,+15.768,+24.910,+0.966
1657920780,+3.51,+15.810,+24.791,+0.965
1657921380,+3.51,+15.853,+24.996,+0.966
1657921980,+3.51,+15.862,+25.511,+0.967
1657922580,+3.50,+15.904,+25.834,+0.967
1657923180,+3.50,+15.973,+25.665,+0.965
1657923780,+3.51,+16.007,+25.321,+0.964
1657924380,+3.50,+16.032,+25.110,+0.967
1657924980,+3.50,+16.058,+24.323,+0.964
1657925580,+3.50,+16.084,+24.549,+0.965
1657926180,+3.50,+16.084,+24.986,+0.967
1657926780,+3.50,+16.109,+25.075,+0.966
1657927380,+3.50,+16.084,+24.735,+0.966
1657927980,+3.50,+16.101,+24.748,+0.967
1657928580,+3.50,+16.092,+24.751,+0.965
1657929180,+3.50,+16.092,+24.464,+0.965
1657929780,+3.50,+16.084,+24.331,+0.965
1657930380,+3.50,+16.066,+24.294,+0.965
1657930980,+3.50,+16.015,+24.401,+0.965
1657931580,+3.50,+16.015,+24.509,+0.966
1657932180,+3.51,+15.998,+24.455,+0.965
1657932780,+3.51,+15.947,+24.389,+0.967
1657933380,+3.51,+15.938,+24.061,+0.965
1657933980,+3.51,+15.904,+24.019,+0.966
1657934580,+3.51,+15.896,+24.001,+0.964
1657935180,+3.51,+15.870,+23.860,+0.965
1657935780,+3.51,+15.836,+23.678,+0.965
1657936380,+3.51,+15.810,+23.628,+0.964
1657936980,+3.51,+15.776,+23.585,+0.965
1657937580,+3.50,+15.691,+21.170,+0.963
1657938180,+3.50,+15.673,+19.858,+0.962
1657938780,+3.50,+15.648,+19.162,+0.961
1657939380,+3.50,+15.622,+18.702,+0.961
1657939980,+3.50,+15.614,+18.501,+0.960
1657940580,+3.50,+15.622,+18.730,+0.960
1657941180,+3.50,+15.622,+18.839,+0.960
1657941780,+3.50,+15.665,+18.690,+0.960
1657942380,+3.50,+15.682,+18.530,+0.960
1657942980,+3.50,+15.673,+18.301,+0.959
1657943580,+3.50,+15.725,+18.158,+0.961
1657944180,+3.51,+15.750,+18.024,+0.960
1657944780,+3.51,+15.785,+17.926,+0.959
1657945380,+3.51,+15.810,+17.808,+0.959
1657945980,+3.51,+15.827,+18.101,+0.960
1657946580,+3.51,+15.827,+18.520,+0.960
1657947180,+3.51,+15.827,+18.480,+0.960
1657947780,+3.51,+15.827,+18.088,+0.960
1657948380,+3.51,+15.819,+17.668,+0.961
1657948980,+3.51,+15.802,+17.263,+0.958
1657949580,+3.51,+15.768,+17.200,+0.960
1657950180,+3.51,+15.776,+16.866,+0.959
1657950780,+3.50,+15.733,+16.892,+0.958
1657951380,+3.50,+15.725,+16.929,+0.958
1657951980,+3.50,+15.682,+17.123,+0.959
1657952580,+3.50,+15.656,+17.445,+0.959
1657953180,+3.50,+15.614,+17.698,+0.960
1657953780,+3.50,+15.588,+17.910,+0.960
1657954380,+3.50,+15.571,+17.778,+0.960
1657954980,+3.50,+15.545,+17.170,+0.959
1657955580,+3.50,+15.528,+17.344,+0.958
1657956180,+3.50,+15.528,+17.698,+0.959
1657956780,+3.50,+15.536,+17.951,+0.961
1657957380,+3.50,+15.579,+17.854,+0.960
1657957980,+3.50,+15.579,+17.784,+0.961
1657958580,+3.50,+15.614,+17.631,+0.959
1657959180,+3.50,+15.665,+17.708,+0.960
1657959780,+3.50,+15.682,+17.886,+0.960
1657960380,+3.50,+15.725,+17.697,+0.960
1657960980,+3.51,+15.759,+17.579,+0.959
1657961580,+3.51,+15.768,+17.332,+0.958
1657962180,+3.51,+15.785,+17.499,+0.959
1657962780,+3.51,+15.776,+17.609,+0.959
1657963380,+3.51,+15.785,+17.610,+0.959
1657963980,+3.51,+15.785,+17.351,+0.960
1657964580,+3.51,+15.750,+16.902,+0.959
1657965180,+3.51,+15.759,+16.615,+0.958
1657965780,+3.51,+15.768,+16.737,+0.959
1657966380,+3.51,+15.768,+18.917,+0.961
1657966980,+3.50,+15.759,+20.143,+0.960
1657967580,+3.50,+15.733,+20.789,+0.962
1657968180,+3.50,+15.691,+21.262,+0.963
1657968780,+3.50,+15.699,+21.749,+0.963
1657969380,+3.50,+15.639,+22.382,+0.964
1657969980,+3.50,+15.648,+22.533,+0.965
1657970580,+3.50,+15.656,+22.828,+0.965
1657971180,+3.50,+15.665,+22.627,+0.964
1657971780,+3.50,+15.699,+23.042,+0.965
1657972380,+3.50,+15.716,+23.478,+0.966
1657972980,+3.51,+15.768,+23.676,+0.964
1657973580,+3.51,+15.810,+24.154,+0.965
1657974180,+3.51,+15.836,+23.982,+0.964
1657974780,+3.51,+15.904,+24.411,+0.966
1657975380,+3.50,+15.947,+24.164,+0.964
1657975980,+3.50,+15.964,+23.758,+0.963
1657976580,+3.50,+15.990,+23.717,+0.964
1657977180,+3.50,+16.024,+23.834,+0.966
1657977780,+3.50,+16.049,+24.188,+0.965
1657978380,+3.50,+16.084,+24.172,+0.964
1657978980,+3.50,+16.075,+24.259,+0.965
1657979580,+3.50,+16.084,+24.337,+0.966
1657980180,+3.50,+16.066,+24.568,+0.965
1657980780,+3.50,+16.066,+24.397,+0.965
1657981380,+3.50,+16.049,+24.439,+0.965
1657981980,+3.50,+16.049,+24.637,+0.965
1657982580,+3.50,+16.015,+24.586,+0.965
1657983180,+3.50,+16.015,+24.991,+0.966
1657983780,+3.51,+15.981,+24.850,+0.965
1657984380,+3.51,+15.973,+25.100,+0.965
1657984980,+3.51,+15.947,+25.155,+0.965
1657985580,+3.51,+15.913,+25.282,+0.968
1657986180,+3.51,+15.887,+25.641,+0.966
1657986780,+3.51,+15.887,+25.885,+0.967
1657987380,+3.51,+15.862,+25.690,+0.967
1657987980,+3.51,+15.836,+25.964,+0.967
1657988580,+3.51,+15.819,+25.893,+0.967
1657989180,+3.51,+15.793,+26.023,+0.968
1657989780,+3.51,+15.768,+25.830,+0.968
1657990380,+3.51,+15.750,+25.831,+0.965
