7450-929740
OS REV: 1.05 Sensor Cal: 1635261809
Time (sec),  BV (Volts),  T (deg C),  DO (mg/l),  Q ()
1657990980,+3.50,+15.708,+26.325,+0.967
1657991580,+3.50,+15.716,+25.603,+0.966
1657992180,+3.50,+15.716,+25.655,+0.967
1657992780,+3.50,+15.733,+25.311,+0.967
1657993380,+3.50,+15.759,+25.097,+0.965
1657993980,+3.51,+15.793,+25.989,+0.968
1657994580,+3.51,+15.827,+26.415,+0.968
1657995180,+3.51,+15.887,+26.919,+0.970
1657995780,+3.51,+15.921,+26.207,+0.965
1657996380,+3.50,+15.956,+26.214,+0.966
1657996980,+3.50,+15.981,+25.979,+0.966
1657997580,+3.50,+16.015,+25.756,+0.966
1657998180,+3.50,+16.049,+25.422,+0.967
1657998780,+3.50,+16.066,+25.400,+0.966
1657999380,+3.50,+16.101,+25.615,+0.966
1657999980,+3.50,+16.101,+25.780,+0.966
1658000580,+3.50,+16.101,+26.069,+0.965
1658001180,+3.50,+16.101,+26.258,+0.969
1658001780,+3.50,+16.126,+26.216,+0.969
1658002380,+3.50,+16.075,+26.099,+0.966
1658002980,+3.50,+16.075,+26.302,+0.966
1658003580,+3.50,+16.084,+25.872,+0.968
1658004180,+3.50,+16.041,+25.698,+0.967
1658004780,+3.50,+16.024,+25.790,+0.966
1658005380,+3.50,+15.998,+25.978,+0.967
1658005980,+3.51,+15.990,+26.191,+0.969
1658006580,+3.51,+15.947,+26.381,+0.967
1658007180,+3.51,+15.938,+26.180,+0.967
1658007780,+3.51,+15.904,+26.020,+0.966
1658008380,+3.51,+15.887,+26.055,+0.967
1658008980,+3.51,+15.862,+26.264,+0.967
1658009580,+3.51,+15.844,+26.327,+0.967
1658010180,+3.51,+15.819,+26.264,+0.968
1658010780,+3.51,+15.793,+26.123,+0.968
1658011380,+3.51,+15.750,+26.174,+0.968
1658011980,+3.50,+15.725,+25.824,+0.967
1658012580,+3.50,+15.733,+25.957,+0.967
1658013180,+3.50,+15.716,+25.640,+0.967
1658013780,+3.50,+15.699,+25.125,+0.967
1658014380,+3.50,+15.716,+25.112,+0.966
1658014980,+3.50,+15.742,+25.072,+0.966
1658015580,+3.51,+15.759,+25.462,+0.966
1658016180,+3.51,+15.802,+25.822,+0.968
1658016780,+3.51,+15.853,+25.781,+0.968
1658017380,+3.51,+15.896,+25.734,+0.967
1658017980,+3.51,+15.938,+25.593,+0.964
1658018580,+3.51,+15.981,+25.720,+0.968
1658019180,+3.50,+16.015,+25.146,+0.966
1658019780,+3.50,+16.041,+24.958,+0.965
1658020380,+3.50,+16.058,+24.751,+0.966
1658020980,+3.50,+16.092,+24.624,+0.964
1658021580,+3.50,+16.109,+25.075,+0.966
1658022180,+3.50,+16.084,+24.988,+0.966
1658022780,+3.50,+16.084,+24.683,+0.964
1658023380,+3.50,+16.101,+24.944,+0.966
1658023980,+3.50,+16.024,+21.919,+0.963
1658024580,+3.50,+15.990,+20.729,+0.962
1658025180,+3.50,+15.981,+20.008,+0.961
1658025780,+3.51,+15.956,+19.485,+0.961
1658026380,+3.51,+15.930,+19.093,+0.960
1658026980,+3.51,+15.896,+18.889,+0.961
1658027580,+3.51,+15.844,+18.878,+0.961
1658028180,+3.51,+15.810,+18.783,+0.960
1658028780,+3.51,+15.776,+18.759,+0.960
1658029380,+3.50,+15.725,+18.701,+0.960
1658029980,+3.50,+15.691,+18.651,+0.961
1658030580,+3.50,+15.665,+18.441,+0.960
1658031180,+3.50,+15.622,+18.226,+0.960
1658031780,+3.50,+15.588,+18.010,+0.960
1658032380,+3.50,+15.588,+17.776,+0.959
1658032980,+3.50,+15.605,+17.540,+0.959
1658033580,+3.50,+15.614,+17.875,+0.960
1658034180,+3.50,+15.639,+17.737,+0.959
1658034780,+3.50,+15.673,+17.852,+0.959
1658035380,+3.50,+15.691,+18.034,+0.961
1658035980,+3.50,+15.733,+18.171,+0.961
1658036580,+3.51,+15.768,+18.162,+0.959
1658037180,+3.51,+15.793,+18.174,+0.961
1658037780,+3.51,+15.802,+18.294,+0.960
1658038380,+3.51,+15.819,+18.640,+0.959
1658038980,+3.51,+15.819,+18.828,+0.960
1658039580,+3.51,+15.836,+18.757,+0.960
1658040180,+3.51,+15.810,+18.487,+0.960
1658040780,+3.51,+15.827,+17.886,+0.960
1658041380,+3.51,+15.810,+17.433,+0.959
1658041980,+3.51,+15.776,+17.320,+0.958
1658042580,+3.51,+15.750,+17.378,+0.958
1658043180,+3.50,+15.733,+17.725,+0.960
1658043780,+3.50,+15.691,+17.980,+0.960
1658044380,+3.50,+15.673,+18.084,+0.959
1658044980,+3.50,+15.622,+18.130,+0.961
1658045580,+3.50,+15.588,+17.878,+0.959
1658046180,+3.50,+15.554,+17.695,+0.960
1658046780,+3.50,+15.536,+18.028,+0.960
1658047380,+3.50,+15.519,+17.656,+0.959
1658047980,+3.50,+15.536,+17.656,+0.959
1658048580,+3.50,+15.545,+17.791,+0.959
1658049180,+3.50,+15.571,+17.788,+0.960
1658049780,+3.50,+15.596,+17.625,+0.959
1658050380,+3.50,+15.631,+17.542,+0.959
1658050980,+3.50,+15.682,+17.589,+0.959
1658051580,+3.50,+15.708,+17.615,+0.959
1658052180,+3.51,+15.785,+17.979,+0.960
1658052780,+3.51,+15.827,+19.515,+0.961
1658053380,+3.51,+15.836,+21.100,+0.963
1658053980,+3.51,+15.870,+21.786,+0.962
1658054580,+3.51,+15.904,+22.194,+0.963
1658055180,+3.51,+15.913,+22.612,+0.963
1658055780,+3.51,+15.921,+23.244,+0.964
1658056380,+3.51,+15.913,+23.723,+0.964
1658056980,+3.51,+15.921,+24.149,+0.965
1658057580,+3.51,+15.913,+23.955,+0.964
1658058180,+3.51,+15.921,+24.185,+0.966
1658058780,+3.51,+15.879,+24.479,+0.966
1658059380,+3.51,+15.887,+24.681,+0.967
1658059980,+3.51,+15.853,+24.640,+0.964
1658060580,+3.51,+15.836,+24.853,+0.964
1658061180,+3.51,+15.793,+24.803,+0.965
1658061780,+3.51,+15.785,+24.826,+0.965
1658062380,+3.51,+15.785,+24.989,+0.966
1658062980,+3.51,+15.768,+25.001,+0.966
1658063580,+3.50,+15.768,+24.790,+0.964
1658064180,+3.50,+15.725,+25.000,+0.966
1658064780,+3.50,+15.716,+25.483,+0.967
1658065380,+3.50,+15.691,+24.637,+0.965
1658065980,+3.50,+15.699,+24.500,+0.965
1658066580,+3.50,+15.733,+24.536,+0.965
1658067180,+3.51,+15.742,+25.240,+0.966
1658067780,+3.51,+15.793,+25.045,+0.965
1658068380,+3.51,+15.827,+25.383,+0.966
1658068980,+3.51,+15.870,+25.634,+0.966
1658069580,+3.51,+15.904,+25.520,+0.967
1658070180,+3.51,+15.947,+25.748,+0.966
1658070780,+3.50,+16.015,+25.540,+0.966
1658071380,+3.50,+16.041,+25.289,+0.966
1658071980,+3.50,+16.024,+24.816,+0.966
1658072580,+3.50,+16.066,+25.437,+0.967
1658073180,+3.50,+16.101,+25.940,+0.965
1658073780,+3.50,+16.075,+25.953,+0.966
1658074380,+3.50,+16.101,+25.648,+0.966
1658074980,+3.50,+16.101,+25.039,+0.965
1658075580,+3.50,+16.092,+25.979,+0.966
1658076180,+3.50,+16.101,+25.972,+0.966
1658076780,+3.50,+16.101,+26.017,+0.966
1658077380,+3.50,+16.066,+26.066,+0.967
