7450-425218
OS REV: 1.05 Sensor Cal: 1635264824
Time (sec),  BV (Volts),  T (deg C),  DO (mg/l),  Q ()
1656859920,+3.52,+20.523, +9.330,+0.921
1656860520,+3.52,+20.456, +9.428,+0.921
1656861120,+3.52,+20.431, +9.450,+0.921
1656861720,+3.52,+20.439, +9.437,+0.922
1656862320,+3.52,+20.422, +9.396,+0.921
1656862920,+3.52,+20.431, +9.418,+0.921
1656863520,+3.52,+20.439, +9.439,+0.921
1656864120,+3.52,+20.481, +9.509,+0.921
1656864720,+3.52,+20.548, +9.612,+0.921
1656865320,+3.51,+20.598, +9.583,+0.921
1656865920,+3.52,+20.581, +9.538,+0.921
1656866520,+3.51,+20.564, +9.517,+0.921
1656867120,+3.52,+20.498, +9.579,+0.921
1656867720,+3.52,+20.414, +9.681,+0.921
1656868320,+3.52,+20.397, +9.637,+0.921
1656868920,+3.52,+20.539, +9.651,+0.922
1656869520,+3.51,+20.690, +9.605,+0.921
1656870120,+3.51,+20.732, +9.590,+0.921
1656870720,+3.51,+20.631, +9.589,+0.921
1656871320,+3.52,+20.464, +9.563,+0.921
1656871920,+3.52,+20.464, +9.593,+0.921
1656872520,+3.52,+20.539, +9.452,+0.921
1656873120,+3.51,+20.564, +9.393,+0.921
1656873720,+3.52,+20.514, +9.533,+0.922
1656874320,+3.52,+20.498, +9.639,+0.921
1656874920,+3.52,+20.472, +9.642,+0.921
1656875520,+3.52,+20.447, +9.658,+0.921
1656876120,+3.52,+20.514, +9.651,+0.921
1656876720,+3.52,+20.573, +9.625,+0.921
1656877320,+3.52,+20.564, +9.634,+0.921
1656877920,+3.52,+20.556, +9.676,+0.921
1656878520,+3.52,+20.573, +9.687,+0.921
1656879120,+3.52,+20.523, +9.700,+0.921
1656879720,+3.52,+20.506, +9.746,+0.921
1656880320,+3.52,+20.506, +9.713,+0.921
1656880920,+3.52,+20.498, +9.675,+0.921
1656881520,+3.52,+20.481, +9.646,+0.921
1656882120,+3.52,+20.498, +9.613,+0.921
1656882720,+3.52,+20.548, +9.614,+0.921
1656883320,+3.52,+20.472, +9.622,+0.921
1656883920,+3.52,+20.556, +9.695,+0.921
1656884520,+3.51,+20.657, +9.696,+0.921
1656885120,+3.51,+20.715, +9.664,+0.921
1656885720,+3.51,+20.757, +9.684,+0.921
1656886320,+3.51,+20.640, +9.651,+0.921
1656886920,+3.51,+20.590, +9.665,+0.921
1656887520,+3.52,+20.514, +9.786,+0.921
1656888120,+3.52,+20.472, +9.921,+0.921
1656888720,+3.52,+20.464, +9.991,+0.920
1656889320,+3.52,+20.498,+10.097,+0.920
1656889920,+3.52,+20.498,+10.143,+0.920
1656890520,+3.52,+20.489,+10.189,+0.921
1656891120,+3.52,+20.506,+10.241,+0.921
1656891720,+3.52,+20.531,+10.358,+0.921
1656892320,+3.52,+20.489,+10.416,+0.921
1656892920,+3.52,+20.447,+10.410,+0.920
1656893520,+3.52,+20.397,+10.470,+0.921
1656894120,+3.52,+20.397,+10.505,+0.921
1656894720,+3.51,+20.598,+10.479,+0.921
1656895320,+3.51,+20.690,+10.448,+0.921
1656895920,+3.52,+20.556,+10.393,+0.921
1656896520,+3.52,+20.456,+10.319,+0.921
1656897120,+3.52,+20.422,+10.269,+0.921
1656897720,+3.52,+20.498,+10.237,+0.920
1656898320,+3.52,+20.464,+10.195,+0.921
1656898920,+3.52,+20.498,+10.181,+0.921
1656899520,+3.51,+20.657,+10.179,+0.921
1656900120,+3.51,+20.707,+10.089,+0.920
1656900720,+3.52,+20.456, +9.949,+0.920
1656901320,+3.52,+20.238, +9.780,+0.921
1656901920,+3.52,+20.154, +9.754,+0.920
1656902520,+3.52,+20.112, +9.785,+0.921
1656903120,+3.52,+20.138, +9.802,+0.921
1656903720,+3.52,+20.096, +9.860,+0.921
1656904320,+3.52,+20.045, +9.830,+0.921
1656904920,+3.52,+20.004, +9.793,+0.921
1656905520,+3.52,+20.004, +9.761,+0.921
1656906120,+3.52,+20.020, +9.734,+0.920
1656906720,+3.52,+20.029, +9.716,+0.921
1656907320,+3.52,+20.004, +9.644,+0.920
1656907920,+3.51,+19.970, +9.571,+0.921
1656908520,+3.51,+19.953, +9.501,+0.921
1656909120,+3.51,+19.945, +9.448,+0.921
1656909720,+3.52,+19.987, +9.354,+0.921
1656910320,+3.51,+19.995, +9.304,+0.921
1656910920,+3.51,+19.953, +9.291,+0.921
1656911520,+3.51,+19.920, +9.308,+0.921
1656912120,+3.51,+19.945, +9.284,+0.921
1656912720,+3.51,+19.937, +9.243,+0.921
1656913320,+3.52,+19.995, +9.223,+0.920
1656913920,+3.52,+19.987, +9.274,+0.921
1656914520,+3.52,+19.995, +9.304,+0.920
1656915120,+3.51,+19.962, +9.355,+0.921
1656915720,+3.51,+19.928, +9.412,+0.921
1656916320,+3.51,+19.962, +9.415,+0.921
1656916920,+3.52,+19.987, +9.349,+0.920
1656917520,+3.52,+19.987, +9.319,+0.921
1656918120,+3.51,+19.945, +9.343,+0.922
1656918720,+3.51,+19.937, +9.315,+0.921
1656919320,+3.51,+19.937, +9.276,+0.920
1656919920,+3.51,+19.962, +9.246,+0.921
1656920520,+3.52,+19.995, +9.200,+0.921
1656921120,+3.52,+19.978, +9.234,+0.921
1656921720,+3.51,+19.978, +9.166,+0.920
1656922320,+3.51,+19.945, +9.100,+0.921
1656922920,+3.51,+19.953, +9.025,+0.922
1656923520,+3.51,+19.953, +8.863,+0.920
1656924120,+3.52,+19.995, +8.726,+0.921
1656924720,+3.51,+19.987, +8.612,+0.920
1656925320,+3.52,+19.995, +8.532,+0.921
1656925920,+3.51,+19.970, +8.452,+0.920
1656926520,+3.51,+19.945, +8.451,+0.921
1656927120,+3.51,+19.937, +8.489,+0.921
1656927720,+3.51,+19.945, +8.483,+0.921
1656928320,+3.51,+19.978, +8.451,+0.921
1656928920,+3.52,+20.062, +8.564,+0.920
1656929520,+3.52,+20.230, +8.696,+0.921
1656930120,+3.52,+20.355, +8.502,+0.921
1656930720,+3.52,+20.405, +8.421,+0.921
1656931320,+3.52,+20.405, +8.397,+0.921
1656931920,+3.52,+20.372, +8.373,+0.920
1656932520,+3.52,+20.347, +8.435,+0.921
1656933120,+3.52,+20.338, +8.478,+0.920
1656933720,+3.52,+20.330, +8.503,+0.920
1656934320,+3.52,+20.313, +8.640,+0.920
1656934920,+3.52,+20.330, +8.798,+0.920
1656935520,+3.52,+20.347, +8.802,+0.920
1656936120,+3.52,+20.355, +8.757,+0.921
1656936720,+3.52,+20.355, +8.869,+0.921
1656937320,+3.52,+20.439, +8.949,+0.920
1656937920,+3.52,+20.456, +9.120,+0.920
1656938520,+3.52,+20.506, +9.245,+0.920
1656939120,+3.52,+20.464, +9.381,+0.921
1656939720,+3.52,+20.405, +9.521,+0.921
1656940320,+3.52,+20.397, +9.577,+0.920
1656940920,+3.52,+20.372, +9.694,+0.921
1656941520,+3.52,+20.380, +9.710,+0.921
1656942120,+3.52,+20.364, +9.803,+0.921
1656942720,+3.52,+20.422, +9.726,+0.921
1656943320,+3.52,+20.456, +9.763,+0.920
1656943920,+3.52,+20.489, +9.894,+0.921
1656944520,+3.52,+20.489, +9.819,+0.921
1656945120,+3.52,+20.506, +9.802,+0.921
1656945720,+3.52,+20.531, +9.975,+0.921
1656946320,+3.52,+20.498,+10.076,+0.921
