7450-425218
OS REV: 1.05 Sensor Cal: 1635264824
Time (sec),  BV (Volts),  T (deg C),  DO (mg/l),  Q ()
1659121920,+3.53,+25.534,+10.838,+0.927
1659122520,+3.53,+25.517,+10.882,+0.927
1659123120,+3.53,+25.526,+11.020,+0.927
1659123720,+3.53,+25.517,+11.040,+0.927
1659124320,+3.53,+25.526,+11.235,+0.926
1659124920,+3.53,+25.517,+11.332,+0.928
1659125520,+3.53,+25.517,+11.438,+0.928
1659126120,+3.53,+25.509,+11.303,+0.928
1659126720,+3.53,+25.500,+11.352,+0.927
1659127320,+3.53,+25.475,+11.190,+0.926
1659127920,+3.53,+25.467,+11.164,+0.927
1659128520,+3.53,+25.500,+11.161,+0.926
1659129120,+3.53,+25.542,+11.687,+0.927
1659129720,+3.53,+25.559,+12.095,+0.926
1659130320,+3.53,+25.551,+12.225,+0.928
1659130920,+3.53,+25.576,+12.250,+0.927
1659131520,+3.53,+25.585,+12.186,+0.928
1659132120,+3.53,+25.593,+12.078,+0.927
1659132720,+3.53,+25.568,+11.985,+0.927
1659133320,+3.53,+25.585,+11.821,+0.927
1659133920,+3.53,+25.542,+11.736,+0.927
1659134520,+3.53,+25.576,+11.768,+0.927
1659135120,+3.53,+25.568,+11.921,+0.928
1659135720,+3.53,+25.559,+11.881,+0.927
1659136320,+3.53,+25.517,+11.816,+0.927
1659136920,+3.53,+25.517,+11.802,+0.927
1659137520,+3.53,+25.509,+11.716,+0.927
1659138120,+3.53,+25.500,+11.892,+0.928
1659138720,+3.53,+25.526,+12.028,+0.927
1659139320,+3.53,+25.542,+12.287,+0.927
1659139920,+3.53,+25.534,+11.762,+0.927
1659140520,+3.53,+25.551,+11.799,+0.928
1659141120,+3.53,+25.542,+11.829,+0.927
1659141720,+3.53,+25.534,+11.774,+0.927
1659142320,+3.53,+25.542,+12.016,+0.926
1659142920,+3.53,+25.534,+12.130,+0.927
1659143520,+3.53,+25.551,+12.464,+0.928
1659144120,+3.53,+25.509,+12.447,+0.927
1659144720,+3.53,+25.542,+12.304,+0.928
1659145320,+3.53,+25.509,+12.238,+0.928
1659145920,+3.53,+25.500,+12.358,+0.928
1659146520,+3.53,+25.467,+11.457,+0.927
1659147120,+3.53,+25.458, +8.770,+0.927
1659147720,+3.53,+25.433, +7.725,+0.928
1659148320,+3.53,+25.416, +7.359,+0.927
1659148920,+3.53,+25.416, +7.108,+0.928
1659149520,+3.53,+25.391, +7.065,+0.927
1659150120,+3.53,+25.391, +7.076,+0.927
1659150720,+3.53,+25.382, +6.822,+0.928
1659151320,+3.53,+25.357, +6.487,+0.928
1659151920,+3.53,+25.323, +6.615,+0.927
1659152520,+3.53,+25.307, +6.767,+0.928
1659153120,+3.53,+25.323, +6.450,+0.928
1659153720,+3.53,+25.323, +5.784,+0.927
1659154320,+3.53,+25.340, +5.349,+0.928
1659154920,+3.53,+25.332, +5.366,+0.928
1659155520,+3.53,+25.307, +5.592,+0.928
1659156120,+3.53,+25.307, +5.428,+0.928
1659156720,+3.53,+25.281, +5.737,+0.927
1659157320,+3.53,+25.256, +5.655,+0.928
1659157920,+3.53,+25.222, +6.104,+0.928
1659158520,+3.53,+25.248, +6.212,+0.928
1659159120,+3.53,+25.248, +6.263,+0.928
1659159720,+3.53,+25.222, +6.190,+0.928
1659160320,+3.53,+25.214, +6.240,+0.928
1659160920,+3.53,+25.206, +6.528,+0.928
1659161520,+3.53,+25.180, +6.527,+0.928
1659162120,+3.53,+25.189, +6.269,+0.928
1659162720,+3.53,+25.197, +6.359,+0.928
1659163320,+3.53,+25.197, +6.239,+0.928
1659163920,+3.53,+25.214, +6.418,+0.928
1659164520,+3.53,+25.197, +6.457,+0.927
1659165120,+3.53,+25.172, +6.497,+0.928
1659165720,+3.53,+25.180, +6.426,+0.928
1659166320,+3.53,+25.197, +6.024,+0.928
1659166920,+3.53,+25.197, +5.766,+0.928
1659167520,+3.53,+25.197, +5.781,+0.928
1659168120,+3.53,+25.222, +5.710,+0.928
1659168720,+3.53,+25.214, +5.667,+0.928
1659169320,+3.53,+25.197, +5.958,+0.928
1659169920,+3.53,+25.206, +5.799,+0.928
1659170520,+3.53,+25.180, +6.048,+0.928
1659171120,+3.53,+25.180, +5.872,+0.928
1659171720,+3.53,+25.189, +5.845,+0.929
1659172320,+3.53,+25.180, +5.888,+0.928
1659172920,+3.53,+25.197, +5.681,+0.928
1659173520,+3.53,+25.172, +5.756,+0.929
1659174120,+3.53,+25.147, +5.936,+0.928
1659174720,+3.53,+25.172, +6.782,+0.928
1659175320,+3.53,+25.214, +9.650,+0.928
1659175920,+3.53,+25.189,+10.587,+0.928
1659176520,+3.53,+25.214,+11.081,+0.927
1659177120,+3.53,+25.281,+11.655,+0.928
1659177720,+3.53,+25.290,+12.079,+0.927
1659178320,+3.53,+25.298,+12.183,+0.927
1659178920,+3.53,+25.315,+12.351,+0.927
1659179520,+3.53,+25.323,+12.643,+0.928
1659180120,+3.53,+25.315,+12.560,+0.928
1659180720,+3.53,+25.340,+12.844,+0.927
1659181320,+3.53,+25.323,+12.979,+0.928
1659181920,+3.53,+25.307,+13.021,+0.928
1659182520,+3.53,+25.315,+13.028,+0.928
1659183120,+3.53,+25.332,+13.000,+0.927
1659183720,+3.53,+25.349,+13.202,+0.927
1659184320,+3.53,+25.357,+13.153,+0.927
1659184920,+3.53,+25.332,+12.798,+0.926
1659185520,+3.53,+25.332,+11.893,+0.927
1659186120,+3.53,+25.374,+12.209,+0.927
1659186720,+3.53,+25.357,+12.188,+0.927
1659187320,+3.53,+25.365,+12.188,+0.927
1659187920,+3.53,+25.391,+12.628,+0.927
1659188520,+3.53,+25.374,+12.908,+0.927
1659189120,+3.53,+25.382,+13.077,+0.928
1659189720,+3.53,+25.340,+12.777,+0.927
1659190320,+3.53,+25.357,+12.637,+0.927
1659190920,+3.53,+25.391,+12.708,+0.929
1659191520,+3.53,+25.399,+12.569,+0.927
1659192120,+3.53,+25.408,+12.902,+0.928
1659192720,+3.53,+25.424,+13.419,+0.928
1659193320,+3.53,+25.433,+13.680,+0.928
1659193920,+3.53,+25.424,+13.582,+0.927
1659194520,+3.53,+25.433,+13.597,+0.927
1659195120,+3.53,+25.424,+13.922,+0.927
1659195720,+3.53,+25.441,+13.971,+0.928
1659196320,+3.53,+25.433,+13.820,+0.928
1659196920,+3.53,+25.441,+14.006,+0.927
1659197520,+3.53,+25.416,+13.858,+0.927
1659198120,+3.53,+25.416,+13.391,+0.928
1659198720,+3.53,+25.408,+12.810,+0.928
1659199320,+3.53,+25.424,+12.744,+0.927
1659199920,+3.53,+25.433,+12.752,+0.927
1659200520,+3.53,+25.424,+12.969,+0.927
1659201120,+3.53,+25.450,+12.830,+0.927
1659201720,+3.53,+25.458,+13.005,+0.928
1659202320,+3.53,+25.492,+13.667,+0.928
1659202920,+3.53,+25.450,+13.396,+0.927
1659203520,+3.53,+25.450,+13.023,+0.928
1659204120,+3.53,+25.424,+12.746,+0.926
1659204720,+3.53,+25.416,+12.878,+0.928
1659205320,+3.53,+25.450,+13.093,+0.927
1659205920,+3.53,+25.475,+13.393,+0.927
1659206520,+3.53,+25.483,+13.543,+0.928
1659207120,+3.53,+25.467,+13.426,+0.927
1659207720,+3.53,+25.467,+13.643,+0.928
1659208320,+3.53,+25.500,+13.720,+0.928
