7450-425218
OS REV: 1.05 Sensor Cal: 1635264824
Time (sec),  BV (Volts),  T (deg C),  DO (mg/l),  Q ()
1657729920,+3.53,+25.399,+13.238,+0.928
1657730520,+3.53,+25.424,+13.532,+0.928
1657731120,+3.53,+25.450,+13.360,+0.928
1657731720,+3.53,+25.433,+13.193,+0.928
1657732320,+3.53,+25.458,+13.058,+0.927
1657732920,+3.53,+25.441,+12.977,+0.927
1657733520,+3.53,+25.416,+13.023,+0.928
1657734120,+3.53,+25.408,+12.984,+0.928
1657734720,+3.53,+25.416,+13.203,+0.927
1657735320,+3.53,+25.424,+13.204,+0.928
1657735920,+3.53,+25.450,+13.255,+0.928
1657736520,+3.53,+25.450,+13.252,+0.928
1657737120,+3.53,+25.424,+13.280,+0.928
1657737720,+3.53,+25.458,+13.542,+0.928
1657738320,+3.53,+25.458,+13.546,+0.928
1657738920,+3.53,+25.433,+13.587,+0.928
1657739520,+3.53,+25.416,+13.340,+0.927
1657740120,+3.53,+25.416,+13.466,+0.927
1657740720,+3.53,+25.399,+13.260,+0.929
1657741320,+3.53,+25.408,+13.224,+0.928
1657741920,+3.53,+25.424,+13.217,+0.928
1657742520,+3.53,+25.467,+13.281,+0.927
1657743120,+3.53,+25.458,+13.309,+0.929
1657743720,+3.53,+25.458,+13.238,+0.929
1657744320,+3.53,+25.450,+13.139,+0.928
1657744920,+3.53,+25.433,+13.036,+0.928
1657745520,+3.53,+25.475,+13.274,+0.928
1657746120,+3.53,+25.467,+13.493,+0.928
1657746720,+3.53,+25.458,+13.261,+0.928
1657747320,+3.53,+25.458,+13.143,+0.928
1657747920,+3.53,+25.441,+13.138,+0.928
1657748520,+3.53,+25.467,+13.148,+0.929
1657749120,+3.53,+25.467,+13.190,+0.928
1657749720,+3.53,+25.441,+13.177,+0.928
1657750320,+3.53,+25.416,+13.338,+0.928
1657750920,+3.53,+25.374,+13.224,+0.927
1657751520,+3.53,+25.408,+13.144,+0.927
1657752120,+3.53,+25.424,+13.257,+0.928
1657752720,+3.53,+25.433,+13.257,+0.928
1657753320,+3.53,+25.433,+13.120,+0.927
1657753920,+3.53,+25.416,+12.970,+0.927
1657754520,+3.53,+25.408,+12.899,+0.928
1657755120,+3.53,+25.416,+12.917,+0.928
1657755720,+3.53,+25.450,+13.076,+0.928
1657756320,+3.53,+25.458,+13.414,+0.928
1657756920,+3.53,+25.450,+13.372,+0.928
1657757520,+3.53,+25.467,+12.980,+0.929
1657758120,+3.53,+25.441,+12.837,+0.928
1657758720,+3.53,+25.433,+12.790,+0.928
1657759320,+3.53,+25.424,+12.664,+0.927
1657759920,+3.53,+25.433,+12.809,+0.929
1657760520,+3.53,+25.433,+12.809,+0.928
1657761120,+3.53,+25.424,+12.740,+0.927
1657761720,+3.53,+25.424,+12.686,+0.928
1657762320,+3.53,+25.433,+12.864,+0.929
1657762920,+3.53,+25.424,+12.691,+0.927
1657763520,+3.53,+25.441,+12.667,+0.928
1657764120,+3.53,+25.399,+11.555,+0.927
1657764720,+3.53,+25.365, +9.579,+0.927
1657765320,+3.53,+25.382, +8.763,+0.926
1657765920,+3.53,+25.357, +8.453,+0.927
1657766520,+3.53,+25.332, +8.343,+0.927
1657767120,+3.53,+25.298, +8.300,+0.927
1657767720,+3.53,+25.290, +8.113,+0.927
1657768320,+3.53,+25.298, +8.220,+0.926
1657768920,+3.53,+25.281, +8.174,+0.927
1657769520,+3.53,+25.273, +8.113,+0.927
1657770120,+3.53,+25.273, +7.731,+0.927
1657770720,+3.53,+25.239, +7.981,+0.927
1657771320,+3.53,+25.231, +7.872,+0.927
1657771920,+3.53,+25.189, +7.811,+0.927
1657772520,+3.53,+25.206, +7.784,+0.926
1657773120,+3.53,+25.189, +7.711,+0.927
1657773720,+3.53,+25.138, +7.755,+0.927
1657774320,+3.53,+25.138, +7.678,+0.927
1657774920,+3.53,+25.130, +7.697,+0.927
1657775520,+3.53,+25.138, +7.699,+0.927
1657776120,+3.53,+25.113, +7.623,+0.927
1657776720,+3.53,+25.113, +7.565,+0.927
1657777320,+3.53,+25.105, +7.569,+0.927
1657777920,+3.53,+25.113, +7.754,+0.927
1657778520,+3.53,+25.130, +7.688,+0.927
1657779120,+3.53,+25.121, +7.678,+0.927
1657779720,+3.53,+25.130, +7.616,+0.927
1657780320,+3.53,+25.121, +7.658,+0.928
1657780920,+3.53,+25.096, +7.654,+0.927
1657781520,+3.53,+25.121, +7.597,+0.927
1657782120,+3.53,+25.138, +7.609,+0.927
1657782720,+3.53,+25.130, +7.600,+0.928
1657783320,+3.53,+25.121, +7.566,+0.927
1657783920,+3.53,+25.113, +7.508,+0.928
1657784520,+3.53,+25.088, +7.468,+0.928
1657785120,+3.53,+25.096, +7.332,+0.928
1657785720,+3.53,+25.079, +7.319,+0.928
1657786320,+3.53,+25.062, +7.391,+0.928
1657786920,+3.53,+25.054, +7.434,+0.928
1657787520,+3.53,+25.071, +7.332,+0.927
1657788120,+3.53,+25.046, +7.267,+0.928
1657788720,+3.53,+25.046, +7.200,+0.928
1657789320,+3.53,+25.029, +7.177,+0.928
1657789920,+3.53,+25.020, +7.276,+0.927
1657790520,+3.53,+25.029, +7.278,+0.927
1657791120,+3.53,+25.020, +7.259,+0.927
1657791720,+3.53,+24.995, +7.315,+0.927
1657792320,+3.53,+25.037, +8.090,+0.928
1657792920,+3.53,+25.088,+10.403,+0.927
1657793520,+3.53,+25.096,+11.140,+0.928
1657794120,+3.53,+25.088,+11.297,+0.927
1657794720,+3.53,+25.113,+11.383,+0.927
1657795320,+3.53,+25.096,+11.579,+0.928
1657795920,+3.53,+25.105,+11.688,+0.928
1657796520,+3.53,+25.113,+11.680,+0.928
1657797120,+3.53,+25.113,+11.662,+0.928
1657797720,+3.53,+25.155,+11.607,+0.927
1657798320,+3.53,+25.147,+11.685,+0.928
1657798920,+3.53,+25.206,+11.877,+0.927
1657799520,+3.53,+25.231,+12.043,+0.927
1657800120,+3.53,+25.239,+12.139,+0.927
1657800720,+3.53,+25.231,+12.178,+0.928
1657801320,+3.53,+25.231,+12.208,+0.929
1657801920,+3.53,+25.239,+12.100,+0.928
1657802520,+3.53,+25.264,+11.938,+0.927
1657803120,+3.53,+25.273,+12.093,+0.928
1657803720,+3.53,+25.256,+12.202,+0.928
1657804320,+3.53,+25.264,+12.148,+0.927
1657804920,+3.53,+25.248,+12.077,+0.927
1657805520,+3.53,+25.264,+10.427,+0.927
1657806120,+3.53,+25.231,+10.540,+0.927
1657806720,+3.53,+25.256,+10.538,+0.927
1657807320,+3.53,+25.239,+10.615,+0.928
1657807920,+3.53,+25.264,+10.359,+0.927
1657808520,+3.53,+25.264,+10.395,+0.927
1657809120,+3.53,+25.273,+10.456,+0.928
1657809720,+3.53,+25.281,+10.578,+0.928
1657810320,+3.53,+25.298,+10.692,+0.928
1657810920,+3.53,+25.281,+10.625,+0.929
1657811520,+3.53,+25.281,+10.717,+0.927
1657812120,+3.53,+25.273,+10.739,+0.928
1657812720,+3.53,+25.332,+10.828,+0.928
1657813320,+3.53,+25.382,+10.980,+0.927
1657813920,+3.53,+25.374,+11.112,+0.928
1657814520,+3.53,+25.391,+11.075,+0.929
1657815120,+3.53,+25.374,+10.847,+0.927
1657815720,+3.53,+25.340,+10.868,+0.928
1657816320,+3.53,+25.349,+11.007,+0.929
