7450-425218
OS REV: 1.05 Sensor Cal: 1635264824
Time (sec),  BV (Volts),  T (deg C),  DO (mg/l),  Q ()
1658599920,+3.53,+25.399,+17.605,+0.929
1658600520,+3.53,+25.433,+17.588,+0.930
1658601120,+3.53,+25.441,+17.408,+0.928
1658601720,+3.53,+25.433,+17.582,+0.929
1658602320,+3.53,+25.441,+17.601,+0.928
1658602920,+3.53,+25.433,+17.612,+0.930
1658603520,+3.53,+25.441,+17.698,+0.928
1658604120,+3.53,+25.441,+18.037,+0.930
1658604720,+3.53,+25.450,+18.090,+0.929
1658605320,+3.53,+25.416,+17.914,+0.930
1658605920,+3.53,+25.399,+17.927,+0.931
1658606520,+3.53,+25.424,+18.021,+0.930
1658607120,+3.53,+25.408,+18.148,+0.931
1658607720,+3.53,+25.408,+17.670,+0.930
1658608320,+3.53,+25.408,+17.685,+0.930
1658608920,+3.53,+25.424,+17.407,+0.929
1658609520,+3.53,+25.441,+17.438,+0.929
1658610120,+3.53,+25.424,+17.231,+0.928
1658610720,+3.53,+25.433,+17.494,+0.930
1658611320,+3.53,+25.433,+17.700,+0.929
1658611920,+3.53,+25.450,+17.974,+0.929
1658612520,+3.53,+25.450,+17.937,+0.928
1658613120,+3.53,+25.441,+17.816,+0.929
1658613720,+3.53,+25.441,+17.624,+0.929
1658614320,+3.53,+25.450,+18.003,+0.928
1658614920,+3.53,+25.467,+18.410,+0.929
1658615520,+3.53,+25.500,+18.135,+0.928
1658616120,+3.53,+25.467,+18.311,+0.931
1658616720,+3.53,+25.492,+18.354,+0.927
1658617320,+3.53,+25.509,+18.731,+0.930
1658617920,+3.53,+25.517,+18.899,+0.929
1658618520,+3.53,+25.492,+18.920,+0.931
1658619120,+3.53,+25.483,+18.601,+0.929
1658619720,+3.53,+25.475,+18.409,+0.930
1658620320,+3.53,+25.475,+18.260,+0.930
1658620920,+3.53,+25.458,+18.138,+0.929
1658621520,+3.53,+25.475,+18.424,+0.930
1658622120,+3.53,+25.517,+19.043,+0.930
1658622720,+3.53,+25.517,+19.238,+0.930
1658623320,+3.53,+25.475,+18.258,+0.928
1658623920,+3.53,+25.475,+17.805,+0.929
1658624520,+3.53,+25.483,+17.465,+0.928
1658625120,+3.53,+25.509,+17.603,+0.928
1658625720,+3.53,+25.500,+17.994,+0.929
1658626320,+3.53,+25.526,+18.379,+0.929
1658626920,+3.53,+25.517,+18.239,+0.929
1658627520,+3.53,+25.500,+17.953,+0.930
1658628120,+3.53,+25.475,+16.238,+0.928
1658628720,+3.53,+25.441,+11.057,+0.926
1658629320,+3.53,+25.416, +7.993,+0.927
1658629920,+3.53,+25.416, +6.102,+0.926
1658630520,+3.53,+25.408, +5.076,+0.926
1658631120,+3.53,+25.416, +4.284,+0.926
1658631720,+3.53,+25.374, +4.042,+0.925
1658632320,+3.53,+25.391, +4.017,+0.925
1658632920,+3.53,+25.357, +3.947,+0.925
1658633520,+3.53,+25.365, +3.757,+0.925
1658634120,+3.53,+25.332, +3.585,+0.925
1658634720,+3.53,+25.307, +3.579,+0.925
1658635320,+3.53,+25.323, +3.670,+0.924
1658635920,+3.53,+25.315, +3.684,+0.925
1658636520,+3.53,+25.315, +3.734,+0.925
1658637120,+3.53,+25.315, +3.843,+0.925
1658637720,+3.53,+25.281, +3.945,+0.925
1658638320,+3.53,+25.290, +3.857,+0.925
1658638920,+3.53,+25.290, +3.407,+0.925
1658639520,+3.53,+25.248, +3.285,+0.925
1658640120,+3.53,+25.231, +3.489,+0.925
1658640720,+3.53,+25.239, +3.611,+0.925
1658641320,+3.53,+25.222, +3.492,+0.925
1658641920,+3.53,+25.206, +3.544,+0.925
1658642520,+3.53,+25.206, +3.465,+0.926
1658643120,+3.53,+25.197, +3.485,+0.926
1658643720,+3.53,+25.180, +3.447,+0.926
1658644320,+3.53,+25.163, +3.295,+0.926
1658644920,+3.53,+25.172, +3.212,+0.926
1658645520,+3.53,+25.172, +3.338,+0.926
1658646120,+3.53,+25.197, +3.341,+0.926
1658646720,+3.53,+25.172, +3.253,+0.926
1658647320,+3.53,+25.180, +3.241,+0.926
1658647920,+3.53,+25.163, +3.307,+0.926
1658648520,+3.53,+25.155, +3.463,+0.926
1658649120,+3.53,+25.147, +3.388,+0.926
1658649720,+3.53,+25.189, +3.308,+0.926
1658650320,+3.53,+25.206, +2.995,+0.926
1658650920,+3.53,+25.222, +2.746,+0.926
1658651520,+3.53,+25.214, +2.835,+0.926
1658652120,+3.53,+25.222, +2.806,+0.927
1658652720,+3.53,+25.206, +2.715,+0.927
1658653320,+3.53,+25.197, +2.961,+0.927
1658653920,+3.53,+25.147, +3.033,+0.926
1658654520,+3.53,+25.180, +3.129,+0.926
1658655120,+3.53,+25.163, +3.119,+0.926
1658655720,+3.53,+25.172, +3.034,+0.926
1658656320,+3.53,+25.189, +4.569,+0.927
1658656920,+3.53,+25.197,+10.772,+0.929
1658657520,+3.53,+25.197,+13.792,+0.928
1658658120,+3.53,+25.189,+15.252,+0.928
1658658720,+3.53,+25.197,+16.161,+0.929
1658659320,+3.53,+25.248,+16.649,+0.929
1658659920,+3.53,+25.264,+16.726,+0.930
1658660520,+3.53,+25.239,+16.513,+0.928
1658661120,+3.53,+25.248,+16.267,+0.928
1658661720,+3.53,+25.264,+16.377,+0.929
1658662320,+3.53,+25.264,+16.485,+0.929
1658662920,+3.53,+25.298,+16.669,+0.928
1658663520,+3.53,+25.290,+17.363,+0.930
1658664120,+3.53,+25.340,+17.798,+0.928
1658664720,+3.53,+25.323,+18.107,+0.929
1658665320,+3.53,+25.332,+18.207,+0.930
1658665920,+3.53,+25.340,+18.492,+0.930
1658666520,+3.53,+25.349,+18.637,+0.930
1658667120,+3.53,+25.365,+18.532,+0.928
1658667720,+3.53,+25.374,+18.480,+0.929
1658668320,+3.53,+25.391,+18.597,+0.930
1658668920,+3.53,+25.408,+18.352,+0.930
1658669520,+3.53,+25.399,+18.312,+0.929
1658670120,+3.53,+25.399,+18.543,+0.930
1658670720,+3.53,+25.399,+18.653,+0.929
1658671320,+3.53,+25.416,+18.914,+0.931
1658671920,+3.53,+25.374,+18.805,+0.929
1658672520,+3.53,+25.391,+18.476,+0.930
1658673120,+3.53,+25.349,+18.374,+0.929
1658673720,+3.53,+25.382,+18.340,+0.929
1658674320,+3.53,+25.391,+18.126,+0.929
1658674920,+3.53,+25.374,+17.811,+0.930
1658675520,+3.53,+25.382,+17.692,+0.929
1658676120,+3.53,+25.416,+17.810,+0.930
1658676720,+3.53,+25.408,+18.376,+0.928
1658677320,+3.53,+25.408,+18.728,+0.928
1658677920,+3.53,+25.408,+18.858,+0.930
1658678520,+3.53,+25.408,+18.669,+0.929
1658679120,+3.53,+25.399,+18.753,+0.931
1658679720,+3.53,+25.399,+18.680,+0.929
1658680320,+3.53,+25.399,+18.648,+0.930
1658680920,+3.53,+25.408,+18.784,+0.929
1658681520,+3.53,+25.450,+19.334,+0.929
1658682120,+3.53,+25.424,+19.094,+0.930
1658682720,+3.53,+25.424,+18.382,+0.930
1658683320,+3.53,+25.424,+18.022,+0.929
1658683920,+3.53,+25.441,+17.972,+0.929
1658684520,+3.53,+25.433,+18.147,+0.928
1658685120,+3.53,+25.433,+18.426,+0.930
1658685720,+3.53,+25.433,+18.539,+0.928
1658686320,+3.53,+25.408,+18.436,+0.930
