7450-425218
OS REV: 1.05 Sensor Cal: 1635264824
Time (sec),  BV (Volts),  T (deg C),  DO (mg/l),  Q ()
1660774920,+3.53,+25.121,+10.072,+0.929
1660775520,+3.52,+25.163,+10.558,+0.929
1660776120,+3.52,+25.155,+10.855,+0.928
1660776720,+3.52,+25.138,+10.938,+0.929
1660777320,+3.53,+25.096,+10.982,+0.929
1660777920,+3.52,+25.088,+10.699,+0.930
1660778520,+3.52,+25.071,+10.591,+0.929
1660779120,+3.53,+25.105,+10.195,+0.930
1660779720,+3.53,+25.138,+10.409,+0.929
1660780320,+3.53,+25.130,+10.395,+0.929
1660780920,+3.53,+25.147,+10.428,+0.930
1660781520,+3.53,+25.105,+10.353,+0.929
1660782120,+3.53,+25.113,+10.575,+0.929
1660782720,+3.53,+25.088,+10.776,+0.929
1660783320,+3.53,+25.088,+10.428,+0.928
1660783920,+3.53,+25.062,+10.168,+0.929
1660784520,+3.53,+25.105,+10.268,+0.930
1660785120,+3.53,+25.105,+10.172,+0.929
1660785720,+3.53,+25.121,+10.013,+0.929
1660786320,+3.53,+25.113,+10.145,+0.930
1660786920,+3.53,+25.079, +9.932,+0.930
1660787520,+3.53,+25.113, +9.971,+0.929
1660788120,+3.53,+25.062, +9.027,+0.930
1660788720,+3.53,+25.037, +8.205,+0.929
1660789320,+3.53,+25.046, +8.167,+0.930
1660789920,+3.53,+25.071, +8.129,+0.930
1660790520,+3.53,+25.037, +8.134,+0.929
1660791120,+3.53,+25.012, +8.026,+0.930
1660791720,+3.53,+25.004, +8.036,+0.930
1660792320,+3.53,+24.978, +8.048,+0.930
1660792920,+3.53,+24.978, +8.062,+0.929
1660793520,+3.53,+24.978, +7.852,+0.930
1660794120,+3.53,+24.978, +7.851,+0.930
1660794720,+3.53,+24.995, +7.840,+0.930
1660795320,+3.53,+24.953, +7.822,+0.929
1660795920,+3.53,+24.945, +7.996,+0.930
1660796520,+3.53,+24.945, +7.880,+0.930
1660797120,+3.53,+24.928, +7.826,+0.930
1660797720,+3.53,+24.945, +7.394,+0.930
1660798320,+3.53,+24.903, +7.746,+0.930
1660798920,+3.53,+24.911, +7.735,+0.929
1660799520,+3.53,+24.911, +7.750,+0.930
1660800120,+3.53,+24.911, +7.839,+0.930
1660800720,+3.53,+24.911, +7.628,+0.930
1660801320,+3.53,+24.877, +7.653,+0.930
1660801920,+3.53,+24.894, +7.647,+0.930
1660802520,+3.53,+24.861, +7.640,+0.930
1660803120,+3.53,+24.886, +7.550,+0.930
1660803720,+3.53,+24.911, +7.539,+0.930
1660804320,+3.53,+24.886, +7.589,+0.930
1660804920,+3.53,+24.877, +7.573,+0.930
1660805520,+3.53,+24.894, +7.424,+0.930
1660806120,+3.53,+24.852, +7.677,+0.930
1660806720,+3.53,+24.844, +7.308,+0.930
1660807320,+3.53,+24.852, +7.461,+0.930
1660807920,+3.53,+24.886, +7.368,+0.930
1660808520,+3.53,+24.911, +7.379,+0.930
1660809120,+3.53,+24.911, +7.224,+0.931
1660809720,+3.53,+24.869, +7.359,+0.931
1660810320,+3.53,+24.861, +7.325,+0.930
1660810920,+3.53,+24.844, +7.416,+0.930
1660811520,+3.53,+24.844, +7.229,+0.930
1660812120,+3.53,+24.835, +7.260,+0.930
1660812720,+3.53,+24.869, +7.051,+0.931
1660813320,+3.53,+24.869, +7.153,+0.930
1660813920,+3.53,+24.844, +7.440,+0.931
1660814520,+3.53,+24.861, +7.339,+0.930
1660815120,+3.53,+24.844, +7.277,+0.930
1660815720,+3.53,+24.827, +7.196,+0.930
1660816320,+3.53,+24.852, +7.360,+0.931
1660816920,+3.53,+24.911, +8.764,+0.929
1660817520,+3.53,+24.903, +9.181,+0.929
1660818120,+3.53,+24.936, +9.333,+0.930
1660818720,+3.53,+24.978, +9.556,+0.929
1660819320,+3.53,+25.012, +9.495,+0.928
1660819920,+3.53,+25.012, +9.691,+0.929
1660820520,+3.53,+25.012, +9.490,+0.929
1660821120,+3.53,+25.004, +9.748,+0.930
1660821720,+3.53,+25.029, +9.416,+0.929
1660822320,+3.53,+25.037, +9.795,+0.929
1660822920,+3.53,+25.054,+10.063,+0.929
1660823520,+3.53,+25.062, +9.920,+0.929
1660824120,+3.53,+25.088, +9.969,+0.929
1660824720,+3.53,+25.079,+10.200,+0.928
1660825320,+3.53,+25.004, +9.859,+0.929
1660825920,+3.53,+24.995, +9.583,+0.929
1660826520,+3.53,+24.978, +9.124,+0.929
1660827120,+3.53,+25.012, +9.265,+0.930
1660827720,+3.53,+25.020, +9.163,+0.929
1660828320,+3.53,+25.062, +9.373,+0.929
1660828920,+3.53,+25.105, +9.171,+0.929
1660829520,+3.53,+25.180, +9.652,+0.929
1660830120,+3.53,+25.264,+10.350,+0.929
1660830720,+3.52,+25.298,+10.336,+0.930
1660831320,+3.53,+25.332,+10.208,+0.928
1660831920,+3.53,+25.332,+10.319,+0.929
1660832520,+3.53,+25.315,+10.315,+0.930
1660833120,+3.53,+25.323,+10.109,+0.928
1660833720,+3.52,+25.323, +9.976,+0.929
1660834320,+3.53,+25.323, +9.929,+0.928
1660834920,+3.53,+25.298, +9.832,+0.929
1660835520,+3.53,+25.323, +9.940,+0.929
1660836120,+3.53,+25.298, +9.709,+0.930
1660836720,+3.53,+25.323, +9.946,+0.929
1660837320,+3.53,+25.365,+10.288,+0.930
1660837920,+3.53,+25.357,+10.452,+0.928
1660838520,+3.53,+25.374,+10.643,+0.929
1660839120,+3.53,+25.374,+10.291,+0.929
1660839720,+3.53,+25.357,+10.311,+0.929
1660840320,+3.52,+25.323, +9.949,+0.929
1660840920,+3.53,+25.315, +9.726,+0.929
1660841520,+3.53,+25.349,+10.062,+0.930
1660842120,+3.53,+25.340,+10.157,+0.929
1660842720,+3.53,+25.365,+10.096,+0.928
1660843320,+3.53,+25.365,+10.119,+0.929
1660843920,+3.53,+25.357, +9.855,+0.929
1660844520,+3.53,+25.332, +9.808,+0.929
1660845120,+3.53,+25.332, +9.838,+0.929
1660845720,+3.53,+25.323, +9.829,+0.929
1660846320,+3.53,+25.349,+10.011,+0.929
1660846920,+3.53,+25.357,+10.337,+0.929
1660847520,+3.53,+25.298,+10.098,+0.929
1660848120,+3.53,+25.298,+10.393,+0.930
1660848720,+3.53,+25.298,+10.160,+0.928
1660849320,+3.53,+25.281,+10.480,+0.929
1660849920,+3.53,+25.281,+10.367,+0.929
1660850520,+3.53,+25.256,+10.527,+0.930
1660851120,+3.52,+25.222,+10.362,+0.930
1660851720,+3.53,+25.231,+10.805,+0.929
1660852320,+3.53,+25.180,+10.301,+0.929
1660852920,+3.53,+25.206,+10.672,+0.929
1660853520,+3.53,+25.264,+10.694,+0.930
1660854120,+3.52,+25.281,+10.984,+0.929
1660854720,+3.53,+25.298,+11.157,+0.929
1660855320,+3.53,+25.281,+10.271,+0.929
1660855920,+3.53,+25.273, +9.960,+0.929
1660856520,+3.53,+25.281,+10.130,+0.929
1660857120,+3.53,+25.273,+10.030,+0.930
1660857720,+3.52,+25.281,+10.234,+0.930
1660858320,+3.52,+25.315,+10.779,+0.929
1660858920,+3.53,+25.298,+10.664,+0.930
1660859520,+3.52,+25.315,+10.405,+0.929
1660860120,+3.53,+25.357,+10.367,+0.929
1660860720,+3.53,+25.315,+10.390,+0.929
1660861320,+3.53,+25.290,+10.307,+0.929
