7450-581372
OS REV: 1.05 Sensor Cal: 1635263164
Time (sec),  BV (Volts),  T (deg C),  DO (mg/l),  Q ()
1659121860,+3.51,+16.124,+20.250,+0.937
1659122460,+3.51,+16.107,+19.421,+0.935
1659123060,+3.51,+16.098,+19.446,+0.935
1659123660,+3.51,+16.115,+19.507,+0.935
1659124260,+3.51,+16.107,+19.761,+0.935
1659124860,+3.51,+16.107,+19.833,+0.937
1659125460,+3.51,+16.073,+19.841,+0.936
1659126060,+3.51,+16.056,+19.845,+0.936
1659126660,+3.51,+16.047,+19.840,+0.936
1659127260,+3.51,+16.013,+19.842,+0.936
1659127860,+3.51,+15.979,+19.933,+0.937
1659128460,+3.51,+15.945,+19.785,+0.936
1659129060,+3.51,+15.893,+19.789,+0.936
1659129660,+3.51,+15.893,+19.460,+0.936
1659130260,+3.51,+15.842,+19.906,+0.936
1659130860,+3.51,+15.816,+19.530,+0.935
1659131460,+3.51,+15.842,+19.591,+0.934
1659132060,+3.51,+15.859,+19.739,+0.936
1659132660,+3.51,+15.885,+19.733,+0.937
1659133260,+3.51,+15.927,+19.835,+0.936
1659133860,+3.51,+15.979,+19.757,+0.936
1659134460,+3.51,+16.013,+20.028,+0.936
1659135060,+3.51,+16.056,+19.954,+0.935
1659135660,+3.51,+16.073,+19.851,+0.936
1659136260,+3.51,+16.090,+19.685,+0.935
1659136860,+3.51,+16.090,+19.693,+0.935
1659137460,+3.51,+16.098,+19.646,+0.936
1659138060,+3.51,+16.081,+19.591,+0.936
1659138660,+3.51,+16.073,+19.645,+0.936
1659139260,+3.51,+16.038,+19.695,+0.937
1659139860,+3.51,+16.038,+19.507,+0.936
1659140460,+3.51,+15.996,+19.566,+0.937
1659141060,+3.51,+15.970,+19.432,+0.935
1659141660,+3.51,+15.919,+19.358,+0.936
1659142260,+3.51,+15.893,+19.095,+0.935
1659142860,+3.51,+15.859,+19.106,+0.936
1659143460,+3.51,+15.825,+19.027,+0.936
1659144060,+3.51,+15.799,+19.088,+0.936
1659144660,+3.51,+15.808,+19.013,+0.935
1659145260,+3.51,+15.868,+18.788,+0.936
1659145860,+3.51,+15.902,+18.854,+0.936
1659146460,+3.51,+15.927,+18.786,+0.935
1659147060,+3.51,+15.910,+17.142,+0.935
1659147660,+3.51,+15.919,+16.373,+0.935
1659148260,+3.51,+15.945,+15.952,+0.936
1659148860,+3.51,+15.953,+15.395,+0.934
1659149460,+3.51,+15.953,+15.002,+0.934
1659150060,+3.51,+15.962,+14.655,+0.934
1659150660,+3.51,+15.945,+14.542,+0.934
1659151260,+3.51,+15.936,+13.997,+0.934
1659151860,+3.51,+15.902,+13.674,+0.934
1659152460,+3.51,+15.885,+13.636,+0.934
1659153060,+3.51,+15.851,+13.760,+0.935
1659153660,+3.51,+15.816,+13.690,+0.934
1659154260,+3.51,+15.765,+13.641,+0.935
1659154860,+3.51,+15.765,+13.516,+0.934
1659155460,+3.51,+15.731,+13.310,+0.935
1659156060,+3.51,+15.705,+12.998,+0.935
1659156660,+3.51,+15.705,+13.135,+0.934
1659157260,+3.51,+15.705,+12.828,+0.935
1659157860,+3.51,+15.748,+12.537,+0.934
1659158460,+3.51,+15.756,+12.361,+0.933
1659159060,+3.51,+15.774,+12.383,+0.935
1659159660,+3.51,+15.816,+12.502,+0.934
1659160260,+3.51,+15.859,+13.069,+0.935
1659160860,+3.51,+15.885,+13.430,+0.934
1659161460,+3.51,+15.893,+13.382,+0.934
1659162060,+3.51,+15.919,+13.143,+0.934
1659162660,+3.51,+15.919,+12.952,+0.935
1659163260,+3.51,+15.927,+13.333,+0.934
1659163860,+3.51,+15.893,+13.161,+0.934
1659164460,+3.51,+15.893,+13.062,+0.934
1659165060,+3.51,+15.859,+13.042,+0.934
1659165660,+3.51,+15.808,+13.550,+0.935
1659166260,+3.51,+15.774,+13.598,+0.934
1659166860,+3.51,+15.748,+14.057,+0.935
1659167460,+3.51,+15.722,+13.894,+0.934
1659168060,+3.51,+15.697,+13.484,+0.935
1659168660,+3.51,+15.671,+13.537,+0.934
1659169260,+3.51,+15.671,+13.961,+0.935
1659169860,+3.51,+15.679,+13.348,+0.934
1659170460,+3.51,+15.688,+13.099,+0.935
1659171060,+3.51,+15.722,+13.097,+0.934
1659171660,+3.51,+15.739,+13.030,+0.934
1659172260,+3.51,+15.774,+13.145,+0.934
1659172860,+3.51,+15.791,+13.020,+0.934
1659173460,+3.51,+15.851,+12.904,+0.934
1659174060,+3.51,+15.893,+12.866,+0.935
1659174660,+3.51,+15.893,+12.755,+0.935
1659175260,+3.51,+15.919,+12.902,+0.934
1659175860,+3.51,+15.987,+14.439,+0.934
1659176460,+3.51,+16.013,+15.617,+0.935
1659177060,+3.51,+15.979,+16.460,+0.935
1659177660,+3.51,+15.970,+16.940,+0.935
1659178260,+3.51,+15.927,+17.202,+0.935
1659178860,+3.51,+15.910,+17.522,+0.935
1659179460,+3.51,+15.876,+17.871,+0.935
1659180060,+3.51,+15.833,+18.196,+0.936
1659180660,+3.51,+15.816,+18.433,+0.936
1659181260,+3.51,+15.765,+18.349,+0.936
1659181860,+3.51,+15.791,+18.381,+0.935
1659182460,+3.51,+15.799,+18.479,+0.937
1659183060,+3.51,+15.825,+18.554,+0.936
1659183660,+3.51,+15.868,+18.782,+0.936
1659184260,+3.51,+15.945,+19.145,+0.936
1659184860,+3.51,+15.970,+18.524,+0.936
1659185460,+3.51,+16.004,+19.426,+0.936
1659186060,+3.51,+16.013,+19.801,+0.935
1659186660,+3.51,+16.021,+19.274,+0.935
1659187260,+3.51,+16.056,+18.862,+0.935
1659187860,+3.51,+16.056,+18.700,+0.935
1659188460,+3.51,+16.056,+19.169,+0.935
1659189060,+3.51,+16.021,+19.346,+0.936
1659189660,+3.51,+16.013,+19.320,+0.936
1659190260,+3.51,+16.013,+19.308,+0.934
1659190860,+3.51,+15.979,+19.336,+0.935
1659191460,+3.51,+15.953,+19.351,+0.936
1659192060,+3.51,+15.893,+19.444,+0.936
1659192660,+3.51,+15.876,+19.504,+0.936
1659193260,+3.51,+15.851,+19.487,+0.937
1659193860,+3.51,+15.816,+19.464,+0.936
1659194460,+3.51,+15.782,+19.097,+0.936
1659195060,+3.51,+15.825,+19.248,+0.936
1659195660,+3.51,+15.842,+18.708,+0.935
1659196260,+3.51,+15.885,+19.068,+0.935
1659196860,+3.51,+15.927,+19.513,+0.936
1659197460,+3.51,+15.987,+19.414,+0.935
1659198060,+3.51,+16.004,+19.986,+0.936
1659198660,+3.51,+16.038,+20.329,+0.937
1659199260,+3.51,+16.030,+19.514,+0.934
1659199860,+3.51,+16.073,+19.034,+0.934
1659200460,+3.51,+16.073,+19.542,+0.936
1659201060,+3.51,+16.064,+19.726,+0.936
1659201660,+3.51,+16.056,+19.552,+0.936
1659202260,+3.51,+16.056,+19.804,+0.937
1659202860,+3.51,+16.030,+19.833,+0.937
1659203460,+3.51,+16.013,+19.872,+0.936
1659204060,+3.51,+15.970,+19.910,+0.936
1659204660,+3.51,+15.945,+19.876,+0.936
1659205260,+3.51,+15.919,+19.791,+0.936
1659205860,+3.51,+15.885,+19.676,+0.936
1659206460,+3.51,+15.868,+19.858,+0.935
1659207060,+3.51,+15.851,+20.103,+0.936
1659207660,+3.51,+15.825,+20.196,+0.937
1659208260,+3.51,+15.833,+19.898,+0.937
