7450-581372
OS REV: 1.05 Sensor Cal: 1635263164
Time (sec),  BV (Volts),  T (deg C),  DO (mg/l),  Q ()
1658599860,+3.51,+16.038,+20.722,+0.937
1658600460,+3.51,+16.013,+20.150,+0.936
1658601060,+3.51,+15.979,+20.049,+0.937
1658601660,+3.51,+15.945,+20.069,+0.935
1658602260,+3.51,+15.927,+20.244,+0.936
1658602860,+3.51,+15.885,+20.292,+0.936
1658603460,+3.51,+15.876,+21.007,+0.937
1658604060,+3.51,+15.859,+21.189,+0.937
1658604660,+3.51,+15.902,+20.584,+0.936
1658605260,+3.51,+15.936,+20.380,+0.936
1658605860,+3.51,+15.962,+20.381,+0.937
1658606460,+3.51,+15.979,+21.329,+0.936
1658607060,+3.51,+16.047,+21.240,+0.937
1658607660,+3.51,+16.056,+20.606,+0.936
1658608260,+3.51,+16.081,+20.558,+0.937
1658608860,+3.51,+16.107,+20.304,+0.937
1658609460,+3.51,+16.115,+21.268,+0.938
1658610060,+3.51,+16.115,+21.443,+0.937
1658610660,+3.51,+16.107,+21.179,+0.938
1658611260,+3.51,+16.107,+21.148,+0.938
1658611860,+3.51,+16.047,+21.226,+0.938
1658612460,+3.51,+16.056,+21.384,+0.937
1658613060,+3.51,+16.013,+21.395,+0.937
1658613660,+3.51,+15.979,+21.379,+0.937
1658614260,+3.51,+15.945,+21.293,+0.937
1658614860,+3.51,+15.945,+21.260,+0.936
1658615460,+3.51,+15.885,+21.262,+0.937
1658616060,+3.51,+15.885,+21.095,+0.935
1658616660,+3.51,+15.859,+21.195,+0.936
1658617260,+3.51,+15.902,+20.574,+0.935
1658617860,+3.51,+15.936,+20.791,+0.937
1658618460,+3.51,+15.962,+20.924,+0.937
1658619060,+3.51,+16.004,+20.545,+0.936
1658619660,+3.51,+16.047,+20.906,+0.936
1658620260,+3.51,+16.073,+21.246,+0.936
1658620860,+3.51,+16.090,+20.404,+0.936
1658621460,+3.51,+16.115,+20.256,+0.937
1658622060,+3.51,+16.124,+20.876,+0.936
1658622660,+3.51,+16.115,+20.708,+0.937
1658623260,+3.51,+16.107,+20.485,+0.936
1658623860,+3.51,+16.098,+20.551,+0.936
1658624460,+3.51,+16.073,+20.490,+0.937
1658625060,+3.51,+16.047,+20.284,+0.937
1658625660,+3.51,+16.004,+20.055,+0.937
1658626260,+3.51,+15.962,+20.201,+0.938
1658626860,+3.51,+15.945,+19.989,+0.937
1658627460,+3.51,+15.910,+19.621,+0.937
1658628060,+3.51,+15.893,+19.404,+0.936
1658628660,+3.51,+15.825,+17.760,+0.935
1658629260,+3.51,+15.791,+16.838,+0.934
1658629860,+3.51,+15.791,+16.133,+0.934
1658630460,+3.51,+15.816,+15.678,+0.934
1658631060,+3.51,+15.859,+15.180,+0.934
1658631660,+3.51,+15.876,+15.122,+0.935
1658632260,+3.51,+15.910,+15.243,+0.934
1658632860,+3.51,+15.945,+15.039,+0.934
1658633460,+3.51,+15.970,+14.803,+0.934
1658634060,+3.51,+15.962,+14.476,+0.934
1658634660,+3.51,+15.953,+14.342,+0.934
1658635260,+3.51,+15.962,+14.178,+0.934
1658635860,+3.51,+15.945,+13.658,+0.934
1658636460,+3.51,+15.919,+13.253,+0.934
1658637060,+3.51,+15.902,+13.331,+0.934
1658637660,+3.51,+15.868,+13.751,+0.935
1658638260,+3.51,+15.842,+13.913,+0.934
1658638860,+3.51,+15.791,+13.939,+0.934
1658639460,+3.51,+15.756,+13.554,+0.934
1658640060,+3.51,+15.748,+13.948,+0.934
1658640660,+3.51,+15.714,+14.509,+0.934
1658641260,+3.51,+15.688,+14.425,+0.934
1658641860,+3.51,+15.739,+14.805,+0.934
1658642460,+3.51,+15.722,+15.079,+0.935
1658643060,+3.51,+15.731,+14.896,+0.934
1658643660,+3.51,+15.756,+14.959,+0.934
1658644260,+3.51,+15.791,+15.005,+0.934
1658644860,+3.51,+15.842,+15.626,+0.934
1658645460,+3.51,+15.893,+15.614,+0.934
1658646060,+3.51,+15.902,+15.540,+0.935
1658646660,+3.51,+15.927,+15.221,+0.934
1658647260,+3.51,+15.910,+14.977,+0.935
1658647860,+3.51,+15.910,+14.427,+0.934
1658648460,+3.51,+15.902,+13.964,+0.934
1658649060,+3.51,+15.902,+13.523,+0.934
1658649660,+3.51,+15.876,+13.362,+0.935
1658650260,+3.51,+15.851,+13.373,+0.934
1658650860,+3.51,+15.816,+13.532,+0.935
1658651460,+3.51,+15.782,+13.611,+0.934
1658652060,+3.51,+15.739,+13.774,+0.934
1658652660,+3.51,+15.722,+13.657,+0.935
1658653260,+3.51,+15.714,+13.457,+0.934
1658653860,+3.51,+15.688,+13.297,+0.935
1658654460,+3.51,+15.705,+13.622,+0.934
1658655060,+3.51,+15.722,+13.006,+0.934
1658655660,+3.51,+15.748,+12.591,+0.935
1658656260,+3.51,+15.765,+12.518,+0.934
1658656860,+3.51,+15.791,+12.871,+0.935
1658657460,+3.51,+15.910,+14.335,+0.934
1658658060,+3.51,+15.953,+15.723,+0.934
1658658660,+3.51,+16.004,+16.783,+0.935
1658659260,+3.51,+16.004,+17.381,+0.935
1658659860,+3.51,+16.030,+17.620,+0.936
1658660460,+3.51,+16.030,+17.979,+0.934
1658661060,+3.51,+16.021,+18.311,+0.935
1658661660,+3.51,+16.021,+18.588,+0.935
1658662260,+3.51,+16.021,+19.017,+0.936
1658662860,+3.51,+15.979,+19.265,+0.936
1658663460,+3.51,+15.953,+19.339,+0.936
1658664060,+3.51,+15.927,+19.474,+0.936
1658664660,+3.51,+15.876,+19.531,+0.935
1658665260,+3.51,+15.859,+19.697,+0.937
1658665860,+3.51,+15.825,+19.818,+0.936
1658666460,+3.51,+15.816,+19.977,+0.936
1658667060,+3.51,+15.799,+19.362,+0.937
1658667660,+3.51,+15.833,+19.225,+0.936
1658668260,+3.51,+15.859,+19.385,+0.936
1658668860,+3.51,+15.876,+19.510,+0.936
1658669460,+3.51,+15.936,+19.921,+0.936
1658670060,+3.51,+15.962,+19.735,+0.935
1658670660,+3.51,+16.013,+20.428,+0.935
1658671260,+3.51,+16.021,+20.263,+0.936
1658671860,+3.51,+16.047,+20.003,+0.936
1658672460,+3.51,+16.064,+19.639,+0.936
1658673060,+3.51,+16.073,+20.342,+0.937
1658673660,+3.51,+16.081,+20.366,+0.936
1658674260,+3.51,+16.047,+19.719,+0.937
1658674860,+3.51,+16.064,+20.279,+0.936
1658675460,+3.51,+16.030,+20.638,+0.937
1658676060,+3.51,+16.013,+20.725,+0.936
1658676660,+3.51,+15.970,+20.780,+0.936
1658677260,+3.51,+15.945,+20.800,+0.937
1658677860,+3.51,+15.902,+20.740,+0.937
1658678460,+3.51,+15.868,+20.763,+0.937
1658679060,+3.51,+15.859,+20.865,+0.937
1658679660,+3.51,+15.825,+20.951,+0.937
1658680260,+3.51,+15.816,+20.801,+0.936
1658680860,+3.51,+15.842,+20.493,+0.936
1658681460,+3.51,+15.868,+20.633,+0.936
1658682060,+3.51,+15.893,+20.788,+0.936
1658682660,+3.51,+15.953,+20.917,+0.936
1658683260,+3.51,+15.987,+21.181,+0.937
1658683860,+3.51,+16.013,+21.404,+0.936
1658684460,+3.51,+16.038,+20.918,+0.936
1658685060,+3.51,+16.047,+20.847,+0.937
1658685660,+3.51,+16.090,+20.678,+0.937
1658686260,+3.51,+16.098,+21.293,+0.936
