7450-923654
OS REV: 1.05 Sensor Cal: 1635264732
Time (sec),  BV (Volts),  T (deg C),  DO (mg/l),  Q ()
1657034160,+3.52,+20.951, +8.330,+0.940
1657034760,+3.52,+20.960, +8.163,+0.941
1657035360,+3.52,+21.027, +8.096,+0.940
1657035960,+3.52,+21.052, +8.100,+0.941
1657036560,+3.52,+21.060, +8.134,+0.941
1657037160,+3.52,+21.060, +8.204,+0.941
1657037760,+3.52,+21.035, +8.454,+0.941
1657038360,+3.52,+21.043, +8.691,+0.941
1657038960,+3.52,+21.085, +8.862,+0.941
1657039560,+3.52,+21.119, +8.867,+0.941
1657040160,+3.52,+21.144, +8.935,+0.941
1657040760,+3.52,+21.119, +8.969,+0.940
1657041360,+3.52,+21.127, +9.281,+0.940
1657041960,+3.52,+21.110, +9.366,+0.941
1657042560,+3.52,+21.068, +9.158,+0.940
1657043160,+3.52,+21.127, +9.056,+0.940
1657043760,+3.52,+21.144, +9.236,+0.941
1657044360,+3.52,+21.127, +9.312,+0.940
1657044960,+3.52,+21.093, +9.325,+0.941
1657045560,+3.52,+21.102, +9.340,+0.941
1657046160,+3.52,+21.085, +9.443,+0.941
1657046760,+3.52,+21.052, +9.550,+0.940
1657047360,+3.52,+21.010, +9.634,+0.941
1657047960,+3.52,+21.043, +9.638,+0.941
1657048560,+3.52,+21.060, +9.283,+0.941
1657049160,+3.52,+21.093, +9.313,+0.941
1657049760,+3.52,+21.119, +9.379,+0.940
1657050360,+3.52,+21.127, +9.571,+0.941
1657050960,+3.52,+21.127, +9.594,+0.940
1657051560,+3.52,+21.135, +9.554,+0.940
1657052160,+3.52,+21.144, +9.670,+0.940
1657052760,+3.52,+21.202, +9.800,+0.941
1657053360,+3.52,+21.236, +9.836,+0.940
1657053960,+3.52,+21.219, +9.459,+0.940
1657054560,+3.52,+21.211, +9.318,+0.940
1657055160,+3.52,+21.202, +9.406,+0.940
1657055760,+3.52,+21.211, +9.421,+0.941
1657056360,+3.52,+21.261, +9.239,+0.940
1657056960,+3.52,+21.294, +9.112,+0.940
1657057560,+3.52,+21.311, +9.107,+0.940
1657058160,+3.52,+21.353, +9.184,+0.940
1657058760,+3.52,+21.394, +9.327,+0.939
1657059360,+3.52,+21.411, +9.427,+0.939
1657059960,+3.52,+21.445, +9.212,+0.939
1657060560,+3.52,+21.461, +9.194,+0.940
1657061160,+3.52,+21.520, +8.953,+0.940
1657061760,+3.52,+21.545, +8.714,+0.941
1657062360,+3.52,+21.595, +8.547,+0.940
1657062960,+3.52,+21.637, +8.299,+0.940
1657063560,+3.52,+21.662, +8.165,+0.940
1657064160,+3.52,+21.679, +8.019,+0.940
1657064760,+3.52,+21.687, +8.011,+0.940
1657065360,+3.52,+21.670, +8.029,+0.941
1657065960,+3.52,+21.637, +8.097,+0.941
1657066560,+3.52,+21.612, +8.076,+0.941
1657067160,+3.52,+21.587, +8.083,+0.940
1657067760,+3.52,+21.595, +8.134,+0.940
1657068360,+3.52,+21.595, +8.153,+0.941
1657068960,+3.52,+21.595, +8.192,+0.940
1657069560,+3.52,+21.603, +8.099,+0.939
1657070160,+3.52,+21.662, +8.077,+0.939
1657070760,+3.52,+21.704, +8.012,+0.940
1657071360,+3.52,+21.779, +7.955,+0.940
1657071960,+3.52,+21.821, +7.832,+0.940
1657072560,+3.52,+21.796, +7.610,+0.940
1657073160,+3.52,+21.729, +7.519,+0.940
1657073760,+3.52,+21.545, +7.504,+0.941
1657074360,+3.53,+21.378, +7.435,+0.941
1657074960,+3.53,+21.269, +7.217,+0.940
1657075560,+3.53,+21.227, +7.060,+0.941
1657076160,+3.53,+21.236, +6.975,+0.941
1657076760,+3.53,+21.227, +6.853,+0.941
1657077360,+3.53,+21.261, +6.738,+0.941
1657077960,+3.53,+21.286, +6.572,+0.942
1657078560,+3.53,+21.319, +6.410,+0.941
1657079160,+3.53,+21.336, +6.279,+0.942
1657079760,+3.53,+21.369, +6.125,+0.941
1657080360,+3.53,+21.361, +5.993,+0.941
1657080960,+3.53,+21.369, +5.857,+0.942
1657081560,+3.53,+21.378, +5.733,+0.942
1657082160,+3.53,+21.403, +5.613,+0.942
1657082760,+3.53,+21.428, +5.502,+0.942
1657083360,+3.53,+21.386, +5.419,+0.942
1657083960,+3.53,+21.344, +5.343,+0.942
1657084560,+3.53,+21.286, +5.239,+0.942
1657085160,+3.53,+21.244, +5.127,+0.943
1657085760,+3.53,+21.227, +4.995,+0.943
1657086360,+3.53,+21.236, +4.897,+0.943
1657086960,+3.53,+21.227, +4.802,+0.943
1657087560,+3.53,+21.244, +4.734,+0.943
1657088160,+3.53,+21.269, +4.670,+0.942
1657088760,+3.53,+21.286, +4.566,+0.943
1657089360,+3.53,+21.311, +4.389,+0.943
1657089960,+3.53,+21.328, +4.228,+0.943
1657090560,+3.53,+21.328, +4.019,+0.943
1657091160,+3.53,+21.361, +3.898,+0.943
1657091760,+3.53,+21.353, +3.814,+0.944
1657092360,+3.53,+21.361, +3.713,+0.944
1657092960,+3.53,+21.403, +3.603,+0.944
1657093560,+3.53,+21.403, +3.479,+0.944
1657094160,+3.53,+21.386, +3.366,+0.944
1657094760,+3.53,+21.311, +3.249,+0.944
1657095360,+3.53,+21.236, +3.195,+0.944
1657095960,+3.53,+21.219, +3.138,+0.944
1657096560,+3.53,+21.194, +3.075,+0.943
1657097160,+3.53,+21.160, +3.074,+0.944
1657097760,+3.53,+21.185, +3.063,+0.944
1657098360,+3.53,+21.185, +3.069,+0.944
1657098960,+3.53,+21.202, +3.080,+0.944
1657099560,+3.53,+21.211, +3.013,+0.944
1657100160,+3.53,+21.252, +2.933,+0.944
1657100760,+3.53,+21.277, +2.871,+0.944
1657101360,+3.53,+21.328, +2.811,+0.944
1657101960,+3.53,+21.428, +2.780,+0.944
1657102560,+3.53,+21.537, +2.784,+0.944
1657103160,+3.52,+21.603, +2.928,+0.944
1657103760,+3.52,+21.679, +3.186,+0.943
1657104360,+3.52,+21.729, +3.324,+0.944
1657104960,+3.52,+21.754, +3.371,+0.944
1657105560,+3.52,+21.712, +3.356,+0.944
1657106160,+3.52,+21.695, +3.195,+0.943
1657106760,+3.52,+21.645, +3.059,+0.943
1657107360,+3.52,+21.578, +3.087,+0.944
1657107960,+3.53,+21.553, +3.156,+0.944
1657108560,+3.53,+21.503, +3.110,+0.943
1657109160,+3.53,+21.478, +3.247,+0.943
1657109760,+3.53,+21.453, +3.721,+0.943
1657110360,+3.53,+21.470, +4.226,+0.941
1657110960,+3.53,+21.486, +4.408,+0.941
1657111560,+3.53,+21.528, +4.332,+0.941
1657112160,+3.53,+21.603, +4.539,+0.941
1657112760,+3.53,+21.662, +4.578,+0.942
1657113360,+3.52,+21.704, +4.356,+0.942
1657113960,+3.52,+21.704, +4.275,+0.941
1657114560,+3.52,+21.745, +4.254,+0.941
1657115160,+3.52,+21.729, +4.296,+0.941
1657115760,+3.52,+21.695, +4.472,+0.941
1657116360,+3.52,+21.654, +4.799,+0.941
1657116960,+3.53,+21.637, +4.993,+0.942
1657117560,+3.53,+21.587, +4.638,+0.942
1657118160,+3.53,+21.562, +4.776,+0.941
1657118760,+3.53,+21.419, +9.089,+0.941
1657119360,+3.52,+21.771,+10.070,+0.940
1657119960,+3.52,+21.829, +9.788,+0.941
1657120560,+3.52,+21.837, +9.312,+0.941
