7450-923654
OS REV: 1.05 Sensor Cal: 1635264732
Time (sec),  BV (Volts),  T (deg C),  DO (mg/l),  Q ()
1658513160,+3.53,+21.419,+12.414,+0.939
1658513760,+3.53,+21.453,+12.164,+0.939
1658514360,+3.53,+21.503,+12.426,+0.939
1658514960,+3.53,+21.520,+12.798,+0.939
1658515560,+3.53,+21.520,+12.594,+0.939
1658516160,+3.53,+21.537,+12.304,+0.939
1658516760,+3.53,+21.520,+12.013,+0.939
1658517360,+3.53,+21.503,+11.936,+0.939
1658517960,+3.53,+21.486,+11.918,+0.939
1658518560,+3.53,+21.453,+11.893,+0.938
1658519160,+3.53,+21.445,+11.885,+0.939
1658519760,+3.53,+21.419,+11.868,+0.939
1658520360,+3.53,+21.378,+11.905,+0.939
1658520960,+3.53,+21.369,+11.890,+0.939
1658521560,+3.53,+21.319,+11.911,+0.939
1658522160,+3.53,+21.286,+11.919,+0.939
1658522760,+3.53,+21.252,+11.975,+0.939
1658523360,+3.53,+21.219,+11.990,+0.939
1658523960,+3.53,+21.177,+11.990,+0.938
1658524560,+3.53,+21.144,+11.995,+0.939
1658525160,+3.53,+21.102,+12.044,+0.939
1658525760,+3.52,+21.077,+12.035,+0.940
1658526360,+3.52,+21.077,+12.086,+0.939
1658526960,+3.52,+21.077,+12.134,+0.939
1658527560,+3.52,+21.085,+12.152,+0.939
1658528160,+3.53,+21.102,+12.149,+0.939
1658528760,+3.53,+21.144,+12.933,+0.939
1658529360,+3.53,+21.160,+13.178,+0.939
1658529960,+3.53,+21.211,+13.490,+0.940
1658530560,+3.53,+21.227,+13.544,+0.940
1658531160,+3.53,+21.211,+13.614,+0.939
1658531760,+3.53,+21.227,+13.402,+0.940
1658532360,+3.53,+21.211,+12.852,+0.939
1658532960,+3.53,+21.211,+12.552,+0.939
1658533560,+3.53,+21.185,+12.466,+0.939
1658534160,+3.53,+21.194,+12.398,+0.939
1658534760,+3.53,+21.160,+12.429,+0.939
1658535360,+3.53,+21.135,+12.412,+0.938
1658535960,+3.53,+21.110,+12.465,+0.940
1658536560,+3.52,+21.077,+12.476,+0.939
1658537160,+3.52,+21.043,+12.503,+0.938
1658537760,+3.52,+21.002,+12.514,+0.939
1658538360,+3.52,+20.985,+12.504,+0.939
1658538960,+3.52,+21.010,+12.525,+0.939
1658539560,+3.52,+21.027,+12.550,+0.940
1658540160,+3.52,+21.043,+12.516,+0.939
1658540760,+3.52,+21.085,+12.537,+0.940
1658541360,+3.53,+21.102,+12.965,+0.939
1658541960,+3.53,+21.119,+13.098,+0.939
1658542560,+3.53,+21.119,+12.757,+0.939
1658543160,+3.53,+21.135,+12.259,+0.939
1658543760,+3.53,+21.160,+12.021,+0.939
1658544360,+3.53,+21.152,+12.036,+0.939
1658544960,+3.53,+21.185,+12.127,+0.939
1658545560,+3.53,+21.219,+12.171,+0.938
1658546160,+3.53,+21.177,+12.134,+0.939
1658546760,+3.53,+21.152,+11.845,+0.940
1658547360,+3.53,+21.119,+11.984,+0.939
1658547960,+3.52,+21.068,+11.995,+0.938
1658548560,+3.52,+21.018,+11.881,+0.938
1658549160,+3.52,+20.960,+12.089,+0.940
1658549760,+3.52,+20.943,+12.320,+0.940
1658550360,+3.52,+20.935,+12.172,+0.939
1658550960,+3.52,+20.926,+12.136,+0.939
1658551560,+3.52,+20.935,+12.077,+0.939
1658552160,+3.52,+20.926,+11.836,+0.939
1658552760,+3.52,+20.935,+11.488,+0.940
1658553360,+3.52,+20.976,+11.438,+0.939
1658553960,+3.52,+20.985,+11.577,+0.940
1658554560,+3.52,+21.010,+11.539,+0.939
1658555160,+3.52,+21.010,+11.595,+0.940
1658555760,+3.52,+21.018,+11.660,+0.939
1658556360,+3.52,+21.043,+11.718,+0.939
1658556960,+3.52,+21.068,+11.713,+0.939
1658557560,+3.52,+21.085,+11.679,+0.939
1658558160,+3.53,+21.110,+11.713,+0.940
1658558760,+3.53,+21.135,+11.674,+0.939
1658559360,+3.53,+21.135,+11.609,+0.939
1658559960,+3.53,+21.160,+11.658,+0.939
1658560560,+3.53,+21.160,+11.575,+0.939
1658561160,+3.53,+21.152,+11.475,+0.939
1658561760,+3.53,+21.127,+11.209,+0.939
1658562360,+3.52,+21.093,+11.113,+0.939
1658562960,+3.52,+21.035,+11.066,+0.940
1658563560,+3.52,+20.968,+11.004,+0.939
1658564160,+3.52,+20.918,+11.115,+0.939
1658564760,+3.52,+20.893,+11.201,+0.939
1658565360,+3.52,+20.901,+11.255,+0.939
1658565960,+3.52,+20.884,+11.434,+0.939
1658566560,+3.52,+20.876,+11.224,+0.939
1658567160,+3.52,+20.926,+10.878,+0.939
1658567760,+3.52,+20.918,+10.851,+0.939
1658568360,+3.52,+20.943,+10.866,+0.939
1658568960,+3.52,+20.951,+10.918,+0.939
1658569560,+3.52,+20.960,+10.970,+0.939
1658570160,+3.52,+20.976,+10.955,+0.940
1658570760,+3.52,+21.035,+11.195,+0.940
1658571360,+3.52,+21.060,+11.462,+0.939
1658571960,+3.53,+21.102,+11.529,+0.939
1658572560,+3.53,+21.144,+11.647,+0.939
1658573160,+3.53,+21.177,+11.555,+0.938
1658573760,+3.53,+21.169,+11.621,+0.939
1658574360,+3.53,+21.152,+12.013,+0.939
1658574960,+3.53,+21.144,+12.205,+0.939
1658575560,+3.53,+21.135,+11.876,+0.939
1658576160,+3.53,+21.110,+11.422,+0.939
1658576760,+3.52,+21.077,+11.258,+0.939
1658577360,+3.52,+21.052,+11.193,+0.938
1658577960,+3.52,+21.010,+11.202,+0.939
1658578560,+3.52,+20.976,+11.197,+0.940
1658579160,+3.52,+20.968,+11.217,+0.939
1658579760,+3.52,+20.976,+11.218,+0.940
1658580360,+3.52,+21.002,+11.180,+0.939
1658580960,+3.52,+20.993,+11.321,+0.939
1658581560,+3.52,+21.027,+12.274,+0.939
1658582160,+3.52,+21.085,+12.556,+0.939
1658582760,+3.53,+21.102,+12.494,+0.939
1658583360,+3.53,+21.160,+12.240,+0.939
1658583960,+3.53,+21.152,+12.633,+0.939
1658584560,+3.53,+21.160,+13.173,+0.940
1658585160,+3.53,+21.144,+12.911,+0.939
1658585760,+3.53,+21.127,+12.177,+0.938
1658586360,+3.53,+21.102,+11.839,+0.939
1658586960,+3.52,+21.093,+11.702,+0.939
1658587560,+3.52,+21.068,+11.673,+0.939
1658588160,+3.52,+21.035,+11.658,+0.939
1658588760,+3.52,+20.985,+11.631,+0.939
1658589360,+3.52,+20.976,+11.659,+0.939
1658589960,+3.52,+20.968,+11.710,+0.939
1658590560,+3.52,+20.993,+11.715,+0.939
1658591160,+3.52,+20.985,+11.820,+0.939
1658591760,+3.52,+21.018,+12.615,+0.938
1658592360,+3.52,+21.052,+13.274,+0.939
1658592960,+3.52,+21.102,+13.395,+0.939
1658593560,+3.53,+21.135,+13.328,+0.939
1658594160,+3.53,+21.160,+12.981,+0.939
1658594760,+3.53,+21.169,+12.807,+0.939
1658595360,+3.53,+21.177,+13.592,+0.939
1658595960,+3.53,+21.177,+13.689,+0.940
1658596560,+3.53,+21.169,+13.055,+0.940
1658597160,+3.53,+21.160,+12.490,+0.940
1658597760,+3.53,+21.127,+12.308,+0.939
1658598360,+3.52,+21.102,+12.264,+0.939
1658598960,+3.52,+21.068,+12.263,+0.939
1658599560,+3.52,+21.052,+12.213,+0.938
