7450-931334
OS REV: 1.05 Sensor Cal: 1635271019
Time (sec),  BV (Volts),  T (deg C),  DO (mg/l),  Q ()
1658877000,+3.54,+25.436,+13.078,+0.949
1658877600,+3.54,+25.410,+12.872,+0.947
1658878200,+3.54,+25.427,+13.417,+0.948
1658878800,+3.54,+25.444,+13.342,+0.948
1658879400,+3.54,+25.478,+13.008,+0.948
1658880000,+3.54,+25.503,+13.527,+0.949
1658880600,+3.54,+25.512,+13.349,+0.948
1658881200,+3.54,+25.503,+12.952,+0.948
1658881800,+3.54,+25.520,+12.978,+0.948
1658882400,+3.54,+25.520,+12.803,+0.948
1658883000,+3.54,+25.512,+12.601,+0.947
1658883600,+3.54,+25.520,+12.578,+0.947
1658884200,+3.54,+25.495,+12.389,+0.947
1658884800,+3.54,+25.503,+12.438,+0.947
1658885400,+3.54,+25.478,+12.057,+0.946
1658886000,+3.54,+25.495,+11.989,+0.946
1658886600,+3.54,+25.512,+12.173,+0.947
1658887200,+3.54,+25.503,+12.398,+0.947
1658887800,+3.54,+25.486, +7.522,+0.944
1658888400,+3.54,+25.478, +5.627,+0.943
1658889000,+3.54,+25.478, +4.667,+0.941
1658889600,+3.54,+25.453, +4.423,+0.943
1658890200,+3.54,+25.419, +5.746,+0.943
1658890800,+3.54,+25.427, +5.912,+0.943
1658891400,+3.54,+25.394, +5.787,+0.943
1658892000,+3.54,+25.368, +5.618,+0.944
1658892600,+3.54,+25.360, +4.970,+0.943
1658893200,+3.54,+25.360, +4.337,+0.942
1658893800,+3.54,+25.394, +3.419,+0.942
1658894400,+3.54,+25.368, +3.987,+0.942
1658895000,+3.54,+25.360, +4.501,+0.942
1658895600,+3.54,+25.326, +4.857,+0.943
1658896200,+3.54,+25.318, +4.239,+0.942
1658896800,+3.54,+25.318, +3.735,+0.942
1658897400,+3.54,+25.276, +4.869,+0.944
1658898000,+3.54,+25.293, +4.791,+0.944
1658898600,+3.54,+25.301, +5.152,+0.944
1658899200,+3.54,+25.309, +5.570,+0.944
1658899800,+3.54,+25.301, +4.792,+0.944
1658900400,+3.54,+25.293, +3.930,+0.943
1658901000,+3.54,+25.293, +3.760,+0.942
1658901600,+3.54,+25.293, +2.703,+0.942
1658902200,+3.54,+25.259, +1.933,+0.939
1658902800,+3.54,+25.250, +1.423,+0.938
1658903400,+3.54,+25.242, +0.403,+0.928
1658904000,+3.54,+25.276, +0.642,+0.933
1658904600,+3.54,+25.293, +0.729,+0.934
1658905200,+3.54,+25.267, +2.820,+0.944
1658905800,+3.54,+25.276, +2.808,+0.943
1658906400,+3.54,+25.250, +2.613,+0.943
1658907000,+3.54,+25.250, +2.801,+0.943
1658907600,+3.54,+25.225, +2.874,+0.944
1658908200,+3.54,+25.242, +2.974,+0.943
1658908800,+3.54,+25.250, +1.711,+0.940
1658909400,+3.54,+25.267, +2.568,+0.944
1658910000,+3.54,+25.242, +3.248,+0.945
1658910600,+3.54,+25.259, +2.983,+0.944
1658911200,+3.54,+25.234, +3.696,+0.946
1658911800,+3.54,+25.234, +3.275,+0.944
1658912400,+3.54,+25.208, +3.206,+0.946
1658913000,+3.54,+25.208, +3.591,+0.946
1658913600,+3.54,+25.250, +3.726,+0.945
1658914200,+3.54,+25.225, +2.544,+0.943
1658914800,+3.54,+25.234, +3.014,+0.945
1658915400,+3.54,+25.217, +2.549,+0.943
1658916000,+3.54,+25.267, +8.786,+0.948
1658916600,+3.54,+25.267,+11.222,+0.947
1658917200,+3.54,+25.276,+11.997,+0.946
1658917800,+3.54,+25.284,+12.086,+0.947
1658918400,+3.54,+25.335,+12.167,+0.947
1658919000,+3.54,+25.360,+12.499,+0.947
1658919600,+3.54,+25.343,+12.408,+0.948
1658920200,+3.54,+25.360,+12.572,+0.947
1658920800,+3.54,+25.343,+12.407,+0.947
1658921400,+3.54,+25.335,+12.543,+0.947
1658922000,+3.54,+25.326,+12.955,+0.948
1658922600,+3.54,+25.309,+12.854,+0.947
1658923200,+3.54,+25.301,+12.770,+0.948
1658923800,+3.54,+25.326,+12.563,+0.948
1658924400,+3.54,+25.335,+13.019,+0.948
1658925000,+3.54,+25.360,+12.969,+0.947
1658925600,+3.54,+25.360,+12.936,+0.947
1658926200,+3.54,+25.385,+13.010,+0.948
1658926800,+3.54,+25.385,+13.121,+0.949
1658927400,+3.54,+25.394,+13.072,+0.949
1658928000,+3.54,+25.394,+13.029,+0.947
1658928600,+3.54,+25.368,+12.266,+0.947
1658929200,+3.54,+25.360,+12.088,+0.946
1658929800,+3.54,+25.360,+12.047,+0.946
1658930400,+3.54,+25.368,+12.255,+0.947
1658931000,+3.54,+25.410,+13.004,+0.948
1658931600,+3.54,+25.427,+13.249,+0.947
1658932200,+3.54,+25.444,+13.466,+0.948
1658932800,+3.54,+25.444,+13.724,+0.948
1658933400,+3.54,+25.419,+13.442,+0.947
1658934000,+3.54,+25.453,+13.566,+0.947
1658934600,+3.54,+25.427,+13.490,+0.948
1658935200,+3.54,+25.427,+13.770,+0.948
1658935800,+3.54,+25.427,+13.772,+0.948
1658936400,+3.54,+25.427,+14.121,+0.948
1658937000,+3.54,+25.394,+13.817,+0.948
1658937600,+3.54,+25.402,+13.995,+0.948
1658938200,+3.54,+25.427,+13.781,+0.949
1658938800,+3.54,+25.461,+13.654,+0.949
1658939400,+3.54,+25.461,+13.965,+0.949
1658940000,+3.54,+25.478,+13.853,+0.949
1658940600,+3.54,+25.486,+13.824,+0.948
1658941200,+3.54,+25.469,+13.881,+0.948
1658941800,+3.54,+25.486,+13.929,+0.948
1658942400,+3.54,+25.478,+13.386,+0.949
1658943000,+3.54,+25.461,+13.289,+0.948
1658943600,+3.54,+25.486,+13.854,+0.949
1658944200,+3.54,+25.478,+14.368,+0.949
1658944800,+3.54,+25.469,+14.254,+0.949
1658945400,+3.54,+25.444,+14.082,+0.949
1658946000,+3.54,+25.444,+14.137,+0.948
1658946600,+3.54,+25.444,+14.427,+0.949
1658947200,+3.54,+25.453,+14.637,+0.949
1658947800,+3.54,+25.469,+14.120,+0.949
1658948400,+3.54,+25.469,+14.527,+0.950
1658949000,+3.54,+25.469,+14.797,+0.949
1658949600,+3.54,+25.486,+14.779,+0.949
1658950200,+3.54,+25.469,+14.611,+0.949
1658950800,+3.54,+25.478,+13.844,+0.949
1658951400,+3.54,+25.436,+13.723,+0.948
1658952000,+3.54,+25.419,+13.340,+0.948
1658952600,+3.54,+25.419,+13.282,+0.948
1658953200,+3.54,+25.453,+13.988,+0.949
1658953800,+3.54,+25.402,+14.008,+0.948
1658954400,+3.54,+25.427,+13.791,+0.948
1658955000,+3.54,+25.427,+14.361,+0.949
1658955600,+3.54,+25.444,+14.634,+0.950
1658956200,+3.54,+25.461,+15.058,+0.948
1658956800,+3.54,+25.469,+14.683,+0.949
1658957400,+3.54,+25.486,+14.383,+0.948
1658958000,+3.54,+25.495,+14.169,+0.949
1658958600,+3.54,+25.495,+14.177,+0.948
1658959200,+3.54,+25.495,+13.855,+0.948
1658959800,+3.54,+25.495,+13.581,+0.948
1658960400,+3.54,+25.512,+14.053,+0.948
1658961000,+3.54,+25.486,+14.197,+0.949
1658961600,+3.54,+25.495,+14.204,+0.948
1658962200,+3.54,+25.478,+14.011,+0.949
1658962800,+3.54,+25.444,+13.695,+0.949
1658963400,+3.54,+25.444,+13.794,+0.948
