7450-931334
OS REV: 1.05 Sensor Cal: 1635271019
Time (sec),  BV (Volts),  T (deg C),  DO (mg/l),  Q ()
1659660000,+3.54,+25.133,+12.060,+0.948
1659660600,+3.54,+25.124,+11.840,+0.948
1659661200,+3.54,+25.124,+11.804,+0.948
1659661800,+3.54,+25.124,+11.780,+0.948
1659662400,+3.54,+25.141,+11.671,+0.948
1659663000,+3.54,+25.150,+11.517,+0.948
1659663600,+3.54,+25.116,+11.447,+0.948
1659664200,+3.54,+25.133,+11.397,+0.948
1659664800,+3.54,+25.107,+11.400,+0.947
1659665400,+3.54,+25.057, +6.494,+0.946
1659666000,+3.54,+25.057, +4.502,+0.946
1659666600,+3.54,+25.040, +3.147,+0.947
1659667200,+3.54,+25.023, +2.080,+0.942
1659667800,+3.54,+25.032, +1.920,+0.942
1659668400,+3.54,+25.023, +2.732,+0.944
1659669000,+3.54,+24.973, +2.701,+0.945
1659669600,+3.54,+24.956, +2.566,+0.945
1659670200,+3.54,+24.948, +1.541,+0.938
1659670800,+3.54,+24.964, +0.551,+0.931
1659671400,+3.54,+24.973, +0.079,+0.925
1659672000,+3.54,+24.973, +0.036,+0.924
1659672600,+3.54,+24.931, +0.051,+0.925
1659673200,+3.54,+24.914, +1.170,+0.942
1659673800,+3.54,+24.914, +0.412,+0.931
1659674400,+3.54,+24.906, +0.259,+0.930
1659675000,+3.54,+24.931, +0.124,+0.927
1659675600,+3.54,+24.931, +0.129,+0.928
1659676200,+3.54,+24.914, +0.127,+0.928
1659676800,+3.54,+24.889, +1.102,+0.940
1659677400,+3.54,+24.889, +1.473,+0.944
1659678000,+3.54,+24.880, +1.595,+0.943
1659678600,+3.54,+24.889, +1.492,+0.943
1659679200,+3.54,+24.906, +1.224,+0.942
1659679800,+3.54,+24.906, +0.807,+0.938
1659680400,+3.54,+24.914, +0.521,+0.936
1659681000,+3.54,+24.864, +0.927,+0.942
1659681600,+3.54,+24.864, +2.273,+0.948
1659682200,+3.54,+24.855, +2.131,+0.947
1659682800,+3.54,+24.864, +1.406,+0.946
1659683400,+3.54,+24.880, +0.934,+0.943
1659684000,+3.54,+24.889, +0.781,+0.940
1659684600,+3.54,+24.872, +1.086,+0.942
1659685200,+3.54,+24.855, +0.956,+0.942
1659685800,+3.54,+24.855, +1.189,+0.944
1659686400,+3.54,+24.855, +0.849,+0.940
1659687000,+3.54,+24.855, +0.816,+0.938
1659687600,+3.54,+24.855, +0.842,+0.940
1659688200,+3.54,+24.830, +1.050,+0.944
1659688800,+3.54,+24.838, +1.252,+0.943
1659689400,+3.54,+24.830, +0.177,+0.930
1659690000,+3.54,+24.830, +0.064,+0.929
1659690600,+3.54,+24.838, +0.194,+0.932
1659691200,+3.54,+24.855, +0.512,+0.937
1659691800,+3.54,+24.847, +0.301,+0.933
1659692400,+3.54,+24.830, +0.190,+0.931
1659693000,+3.54,+24.830, +0.466,+0.936
1659693600,+3.54,+24.880, +7.562,+0.949
1659694200,+3.54,+24.889,+10.410,+0.950
1659694800,+3.54,+24.914,+10.952,+0.948
1659695400,+3.54,+24.922,+11.515,+0.949
1659696000,+3.54,+24.914,+11.405,+0.948
1659696600,+3.54,+24.906,+11.669,+0.947
1659697200,+3.54,+24.914,+11.866,+0.948
1659697800,+3.54,+24.931,+11.887,+0.949
1659698400,+3.54,+24.956,+12.047,+0.949
1659699000,+3.54,+24.990,+12.140,+0.949
1659699600,+3.54,+24.990,+12.646,+0.950
1659700200,+3.54,+24.973,+12.478,+0.948
1659700800,+3.54,+24.990,+12.454,+0.948
1659701400,+3.54,+24.973,+12.470,+0.949
1659702000,+3.54,+24.981,+12.377,+0.949
1659702600,+3.54,+25.007,+12.625,+0.948
1659703200,+3.54,+25.023,+12.788,+0.949
1659703800,+3.54,+25.040,+12.911,+0.948
1659704400,+3.54,+25.032,+12.979,+0.949
1659705000,+3.54,+25.023,+12.806,+0.950
1659705600,+3.54,+25.032,+12.841,+0.950
1659706200,+3.54,+25.032,+13.256,+0.949
1659706800,+3.54,+24.956,+11.972,+0.948
1659707400,+3.54,+24.956,+12.887,+0.949
1659708000,+3.54,+24.964,+13.624,+0.950
1659708600,+3.54,+24.956,+13.590,+0.949
1659709200,+3.54,+24.981,+13.366,+0.949
1659709800,+3.54,+24.964,+13.645,+0.950
1659710400,+3.54,+24.998,+13.629,+0.950
1659711000,+3.54,+25.032,+13.846,+0.949
1659711600,+3.54,+25.040,+13.659,+0.950
1659712200,+3.54,+25.032,+13.601,+0.949
1659712800,+3.54,+25.023,+14.047,+0.950
1659713400,+3.54,+25.015,+13.553,+0.950
1659714000,+3.54,+25.032,+13.676,+0.950
1659714600,+3.54,+25.040,+14.191,+0.950
1659715200,+3.54,+25.074,+14.134,+0.950
1659715800,+3.54,+25.074,+14.329,+0.950
1659716400,+3.54,+25.074,+14.502,+0.950
1659717000,+3.54,+25.082,+14.253,+0.951
1659717600,+3.54,+25.065,+14.090,+0.950
1659718200,+3.54,+25.049,+14.023,+0.950
1659718800,+3.54,+25.057,+14.251,+0.950
1659719400,+3.54,+25.065,+14.384,+0.950
1659720000,+3.54,+25.099,+14.435,+0.951
1659720600,+3.54,+25.099,+14.345,+0.951
1659721200,+3.54,+25.091,+14.029,+0.950
1659721800,+3.54,+25.074,+14.126,+0.950
1659722400,+3.54,+25.082,+14.780,+0.951
1659723000,+3.54,+25.057,+14.966,+0.951
1659723600,+3.54,+25.074,+14.356,+0.950
1659724200,+3.54,+25.107,+14.813,+0.951
1659724800,+3.54,+25.116,+14.717,+0.951
1659725400,+3.54,+25.099,+14.533,+0.950
1659726000,+3.54,+25.074, +8.367,+0.946
1659726600,+3.54,+25.082, +8.345,+0.945
1659727200,+3.54,+25.091, +8.399,+0.945
1659727800,+3.54,+25.116, +8.387,+0.946
1659728400,+3.54,+25.099, +8.435,+0.946
1659729000,+3.54,+25.124, +8.466,+0.946
1659729600,+3.54,+25.082, +8.479,+0.945
1659730200,+3.54,+25.091, +8.424,+0.946
1659730800,+3.54,+25.074, +8.460,+0.946
1659731400,+3.54,+25.082, +8.575,+0.946
1659732000,+3.54,+25.099, +8.449,+0.946
1659732600,+3.54,+25.107, +8.501,+0.946
1659733200,+3.54,+25.107, +8.570,+0.946
1659733800,+3.54,+25.099, +8.661,+0.947
1659734400,+3.54,+25.057, +8.520,+0.946
1659735000,+3.54,+25.074, +8.513,+0.946
1659735600,+3.54,+25.082, +8.610,+0.946
1659736200,+3.54,+25.091, +8.619,+0.946
1659736800,+3.54,+25.116, +8.544,+0.947
1659737400,+3.54,+25.099, +8.704,+0.946
1659738000,+3.54,+25.124, +8.637,+0.946
1659738600,+3.54,+25.091, +8.647,+0.946
1659739200,+3.54,+25.082, +8.711,+0.946
1659739800,+3.54,+25.074, +8.630,+0.947
1659740400,+3.54,+25.107, +8.593,+0.946
1659741000,+3.54,+25.124, +8.598,+0.946
1659741600,+3.54,+25.116, +8.756,+0.946
1659742200,+3.54,+25.107, +8.771,+0.946
1659742800,+3.54,+25.091, +8.789,+0.946
1659743400,+3.54,+25.116, +8.726,+0.946
1659744000,+3.54,+25.091, +8.745,+0.946
1659744600,+3.54,+25.091, +8.690,+0.947
1659745200,+3.54,+25.107, +8.612,+0.946
1659745800,+3.54,+25.116, +8.641,+0.946
1659746400,+3.54,+25.116, +8.744,+0.946
