7450-931334
OS REV: 1.05 Sensor Cal: 1635271019
Time (sec),  BV (Volts),  T (deg C),  DO (mg/l),  Q ()
1660182000,+3.54,+25.065, +8.410,+0.947
1660182600,+3.54,+25.065, +8.435,+0.947
1660183200,+3.54,+25.065, +8.450,+0.948
1660183800,+3.54,+25.057, +7.492,+0.947
1660184400,+3.54,+25.023, +7.409,+0.947
1660185000,+3.54,+24.981, +7.394,+0.947
1660185600,+3.54,+24.956, +7.375,+0.948
1660186200,+3.54,+24.973, +7.229,+0.947
1660186800,+3.54,+24.948, +7.207,+0.947
1660187400,+3.54,+24.939, +7.207,+0.947
1660188000,+3.54,+24.956, +6.762,+0.947
1660188600,+3.54,+24.956, +6.809,+0.947
1660189200,+3.54,+24.939, +6.928,+0.948
1660189800,+3.54,+24.914, +6.826,+0.947
1660190400,+3.54,+24.906, +6.721,+0.947
1660191000,+3.54,+24.906, +6.639,+0.948
1660191600,+3.54,+24.897, +6.644,+0.947
1660192200,+3.54,+24.906, +6.669,+0.948
1660192800,+3.54,+24.897, +6.948,+0.947
1660193400,+3.54,+24.880, +6.876,+0.947
1660194000,+3.54,+24.872, +6.776,+0.947
1660194600,+3.54,+24.872, +6.528,+0.947
1660195200,+3.54,+24.872, +6.455,+0.947
1660195800,+3.54,+24.889, +6.516,+0.948
1660196400,+3.54,+24.889, +6.666,+0.947
1660197000,+3.54,+24.880, +6.817,+0.948
1660197600,+3.54,+24.872, +6.821,+0.948
1660198200,+3.54,+24.864, +6.513,+0.948
1660198800,+3.54,+24.855, +6.521,+0.947
1660199400,+3.54,+24.855, +6.408,+0.948
1660200000,+3.54,+24.864, +6.586,+0.947
1660200600,+3.54,+24.855, +6.866,+0.948
1660201200,+3.54,+24.864, +6.872,+0.948
1660201800,+3.54,+24.838, +6.773,+0.948
1660202400,+3.54,+24.822, +6.647,+0.947
1660203000,+3.54,+24.830, +6.492,+0.948
1660203600,+3.54,+24.822, +6.455,+0.947
1660204200,+3.54,+24.838, +6.673,+0.947
1660204800,+3.54,+24.813, +6.735,+0.948
1660205400,+3.54,+24.805, +6.628,+0.947
1660206000,+3.54,+24.813, +6.543,+0.947
1660206600,+3.54,+24.813, +6.459,+0.948
1660207200,+3.54,+24.830, +6.462,+0.947
1660207800,+3.54,+24.822, +6.270,+0.947
1660208400,+3.54,+24.822, +6.651,+0.948
1660209000,+3.54,+24.796, +6.662,+0.947
1660209600,+3.54,+24.796, +6.623,+0.948
1660210200,+3.54,+24.805, +6.213,+0.947
1660210800,+3.54,+24.796, +6.223,+0.948
1660211400,+3.54,+24.830, +6.209,+0.947
1660212000,+3.54,+24.864, +7.403,+0.947
1660212600,+3.54,+24.880, +7.598,+0.947
1660213200,+3.54,+24.872, +7.610,+0.947
1660213800,+3.54,+24.880, +7.659,+0.948
1660214400,+3.54,+24.922, +7.783,+0.947
1660215000,+3.54,+24.922, +7.936,+0.947
1660215600,+3.54,+24.948, +7.929,+0.947
1660216200,+3.54,+24.956, +7.974,+0.947
1660216800,+3.54,+24.964, +8.079,+0.947
1660217400,+3.54,+24.981, +7.971,+0.947
1660218000,+3.54,+24.981, +8.096,+0.947
1660218600,+3.54,+24.990, +8.087,+0.947
1660219200,+3.54,+25.023, +8.207,+0.947
1660219800,+3.54,+25.007, +7.994,+0.947
1660220400,+3.54,+24.973, +7.697,+0.948
1660221000,+3.54,+24.973, +7.699,+0.947
1660221600,+3.54,+24.964, +7.663,+0.947
1660222200,+3.54,+24.948, +7.737,+0.947
1660222800,+3.54,+24.998, +7.908,+0.947
1660223400,+3.54,+25.032, +7.918,+0.947
1660224000,+3.54,+25.007, +7.807,+0.948
1660224600,+3.54,+25.023, +7.911,+0.947
1660225200,+3.54,+25.032, +7.584,+0.948
1660225800,+3.54,+25.032, +7.768,+0.947
1660226400,+3.54,+25.049, +8.052,+0.948
1660227000,+3.54,+25.040, +8.088,+0.947
1660227600,+3.54,+25.049, +7.894,+0.947
1660228200,+3.54,+25.049, +7.847,+0.947
1660228800,+3.54,+25.074, +8.016,+0.947
1660229400,+3.54,+25.065, +7.957,+0.947
1660230000,+3.54,+25.065, +7.914,+0.948
1660230600,+3.54,+25.049, +7.984,+0.947
1660231200,+3.54,+25.082, +8.021,+0.947
1660231800,+3.54,+25.099, +7.951,+0.947
1660232400,+3.54,+25.082, +7.913,+0.947
1660233000,+3.54,+25.091, +7.864,+0.946
1660233600,+3.54,+25.082, +7.922,+0.948
1660234200,+3.54,+25.099, +8.107,+0.947
1660234800,+3.54,+25.074, +8.278,+0.947
1660235400,+3.54,+25.074, +8.186,+0.947
1660236000,+3.54,+25.107, +8.290,+0.947
1660236600,+3.54,+25.082, +7.948,+0.947
1660237200,+3.54,+25.032, +7.869,+0.947
1660237800,+3.54,+25.015, +7.973,+0.947
1660238400,+3.54,+24.990, +7.911,+0.947
1660239000,+3.54,+25.023, +8.081,+0.947
1660239600,+3.54,+25.049, +8.191,+0.948
1660240200,+3.54,+25.074, +8.051,+0.947
1660240800,+3.54,+25.049, +8.064,+0.947
1660241400,+3.54,+25.040, +8.026,+0.947
1660242000,+3.54,+24.998, +7.906,+0.947
1660242600,+3.54,+24.998, +7.946,+0.947
1660243200,+3.54,+24.998, +7.996,+0.947
1660243800,+3.54,+25.007, +8.013,+0.947
1660244400,+3.54,+25.032, +7.989,+0.947
1660245000,+3.54,+25.049, +8.087,+0.947
1660245600,+3.54,+25.023, +8.163,+0.948
1660246200,+3.54,+25.040, +8.192,+0.948
1660246800,+3.54,+25.049, +8.192,+0.947
1660247400,+3.54,+25.032, +8.326,+0.947
1660248000,+3.54,+25.023, +8.241,+0.947
1660248600,+3.54,+25.065, +8.330,+0.948
1660249200,+3.54,+25.065, +8.289,+0.947
1660249800,+3.54,+25.049, +8.185,+0.947
1660250400,+3.54,+25.049, +8.306,+0.947
1660251000,+3.54,+25.049, +8.298,+0.948
1660251600,+3.54,+25.049, +8.307,+0.947
1660252200,+3.54,+24.880, +8.012,+0.947
1660252800,+3.54,+24.939, +8.222,+0.948
1660253400,+3.54,+24.914, +8.109,+0.947
1660254000,+3.54,+24.939, +8.165,+0.947
1660254600,+3.54,+24.922, +8.092,+0.947
1660255200,+3.54,+24.939, +8.228,+0.948
1660255800,+3.54,+24.990, +8.335,+0.948
1660256400,+3.54,+24.998, +8.479,+0.947
1660257000,+3.54,+25.032, +8.130,+0.947
1660257600,+3.54,+25.007, +8.039,+0.947
1660258200,+3.54,+25.015, +8.100,+0.947
1660258800,+3.54,+24.990, +8.096,+0.947
1660259400,+3.54,+25.007, +8.125,+0.947
1660260000,+3.54,+25.015, +8.217,+0.947
1660260600,+3.54,+25.007, +8.227,+0.948
1660261200,+3.54,+25.015, +8.112,+0.947
1660261800,+3.54,+25.015, +8.175,+0.947
1660262400,+3.54,+25.015, +8.159,+0.947
1660263000,+3.54,+25.023, +8.174,+0.948
1660263600,+3.54,+25.007, +8.231,+0.947
1660264200,+3.54,+25.023, +8.321,+0.948
1660264800,+3.54,+25.049, +8.389,+0.948
1660265400,+3.54,+25.065, +8.479,+0.947
1660266000,+3.54,+25.057, +8.220,+0.948
1660266600,+3.54,+25.074, +8.216,+0.947
1660267200,+3.54,+25.057, +8.311,+0.948
1660267800,+3.54,+25.015, +8.185,+0.947
1660268400,+3.54,+25.015, +8.189,+0.947
