7450-931334
OS REV: 1.05 Sensor Cal: 1635271019
Time (sec),  BV (Volts),  T (deg C),  DO (mg/l),  Q ()
1658964000,+3.54,+25.453,+13.790,+0.949
1658964600,+3.54,+25.453,+13.543,+0.947
1658965200,+3.54,+25.427,+12.441,+0.946
1658965800,+3.54,+25.453,+12.553,+0.947
1658966400,+3.54,+25.478,+13.111,+0.946
1658967000,+3.54,+25.469,+12.926,+0.947
1658967600,+3.54,+25.486,+12.836,+0.948
1658968200,+3.54,+25.461,+12.511,+0.947
1658968800,+3.54,+25.478,+12.505,+0.947
1658969400,+3.54,+25.486,+12.520,+0.947
1658970000,+3.54,+25.478,+12.663,+0.947
1658970600,+3.54,+25.520,+12.585,+0.947
1658971200,+3.54,+25.520,+12.551,+0.947
1658971800,+3.54,+25.545,+12.343,+0.947
1658972400,+3.54,+25.554,+12.254,+0.947
1658973000,+3.54,+25.562,+12.217,+0.947
1658973600,+3.54,+25.554,+12.083,+0.947
1658974200,+3.54,+25.512, +6.916,+0.945
1658974800,+3.54,+25.495, +5.541,+0.944
1658975400,+3.54,+25.444, +5.139,+0.944
1658976000,+3.54,+25.419, +5.246,+0.944
1658976600,+3.54,+25.419, +5.278,+0.944
1658977200,+3.54,+25.427, +3.994,+0.943
1658977800,+3.54,+25.410, +3.768,+0.942
1658978400,+3.54,+25.419, +3.602,+0.943
1658979000,+3.54,+25.402, +4.402,+0.943
1658979600,+3.54,+25.385, +3.059,+0.942
1658980200,+3.54,+25.352, +3.221,+0.944
1658980800,+3.54,+25.352, +4.134,+0.943
1658981400,+3.54,+25.360, +2.729,+0.944
1658982000,+3.54,+25.343, +2.039,+0.942
1658982600,+3.54,+25.335, +1.339,+0.941
1658983200,+3.54,+25.309, +4.533,+0.945
1658983800,+3.54,+25.326, +5.439,+0.945
1658984400,+3.54,+25.318, +4.912,+0.944
1658985000,+3.54,+25.301, +5.149,+0.945
1658985600,+3.54,+25.309, +4.633,+0.944
1658986200,+3.54,+25.284, +4.519,+0.944
1658986800,+3.54,+25.284, +2.823,+0.942
1658987400,+3.54,+25.293, +1.426,+0.938
1658988000,+3.54,+25.309, +1.075,+0.939
1658988600,+3.54,+25.301, +2.203,+0.943
1658989200,+3.54,+25.293, +3.720,+0.945
1658989800,+3.54,+25.284, +3.567,+0.946
1658990400,+3.54,+25.259, +2.393,+0.943
1658991000,+3.54,+25.242, +2.635,+0.944
1658991600,+3.54,+25.259, +1.237,+0.940
1658992200,+3.54,+25.259, +0.267,+0.929
1658992800,+3.54,+25.267, +0.050,+0.925
1658993400,+3.54,+25.259, +0.040,+0.924
1658994000,+3.54,+25.259, +1.122,+0.941
1658994600,+3.54,+25.250, +3.834,+0.947
1658995200,+3.54,+25.242, +4.205,+0.946
1658995800,+3.54,+25.234, +2.598,+0.945
1658996400,+3.54,+25.225, +3.354,+0.947
1658997000,+3.54,+25.234, +2.967,+0.946
1658997600,+3.54,+25.242, +3.368,+0.946
1658998200,+3.54,+25.267, +2.195,+0.945
1658998800,+3.54,+25.250, +2.299,+0.946
1658999400,+3.54,+25.242, +3.209,+0.946
1659000000,+3.54,+25.225, +2.291,+0.945
1659000600,+3.54,+25.225, +1.678,+0.944
1659001200,+3.54,+25.208, +1.069,+0.941
1659001800,+3.54,+25.208, +0.280,+0.931
1659002400,+3.54,+25.284, +7.638,+0.949
1659003000,+3.54,+25.301,+10.695,+0.948
1659003600,+3.54,+25.309,+11.460,+0.947
1659004200,+3.54,+25.309,+11.833,+0.947
1659004800,+3.54,+25.318,+11.925,+0.947
1659005400,+3.54,+25.301,+11.611,+0.946
1659006000,+3.54,+25.301,+11.526,+0.947
1659006600,+3.54,+25.318,+11.866,+0.946
1659007200,+3.54,+25.326,+11.907,+0.947
1659007800,+3.54,+25.377,+12.222,+0.947
1659008400,+3.54,+25.385,+12.432,+0.947
1659009000,+3.54,+25.394,+12.652,+0.947
1659009600,+3.54,+25.394,+12.556,+0.948
1659010200,+3.54,+25.402,+12.607,+0.947
1659010800,+3.54,+25.394,+12.257,+0.947
1659011400,+3.54,+25.368,+12.392,+0.947
1659012000,+3.54,+25.377,+12.459,+0.947
1659012600,+3.54,+25.368,+12.527,+0.947
1659013200,+3.54,+25.368,+12.742,+0.946
1659013800,+3.54,+25.385,+12.590,+0.947
1659014400,+3.54,+25.427,+12.723,+0.948
1659015000,+3.54,+25.427,+13.009,+0.948
1659015600,+3.54,+25.444,+12.901,+0.947
1659016200,+3.54,+25.436,+11.562,+0.946
1659016800,+3.54,+25.427,+12.266,+0.947
1659017400,+3.54,+25.436,+12.700,+0.948
1659018000,+3.54,+25.427,+12.255,+0.947
1659018600,+3.54,+25.444,+12.073,+0.946
1659019200,+3.54,+25.436,+12.320,+0.947
1659019800,+3.54,+25.444,+12.211,+0.947
1659020400,+3.54,+25.436,+12.138,+0.947
1659021000,+3.54,+25.419,+12.163,+0.947
1659021600,+3.54,+25.427,+12.429,+0.947
1659022200,+3.54,+25.419,+12.355,+0.947
1659022800,+3.54,+25.419,+12.419,+0.948
1659023400,+3.54,+25.444,+12.597,+0.948
1659024000,+3.54,+25.469,+13.138,+0.947
1659024600,+3.54,+25.486,+13.801,+0.948
1659025200,+3.54,+25.486,+13.792,+0.949
1659025800,+3.54,+25.528,+13.788,+0.949
1659026400,+3.54,+25.537,+13.820,+0.948
1659027000,+3.54,+25.528,+13.645,+0.948
1659027600,+3.54,+25.528,+13.852,+0.948
1659028200,+3.54,+25.537,+13.852,+0.949
1659028800,+3.54,+25.520,+13.694,+0.949
1659029400,+3.54,+25.537,+13.447,+0.947
1659030000,+3.54,+25.520,+13.654,+0.949
1659030600,+3.54,+25.528,+13.808,+0.948
1659031200,+3.54,+25.503,+13.856,+0.947
1659031800,+3.54,+25.486,+13.806,+0.949
1659032400,+3.54,+25.436,+13.551,+0.947
1659033000,+3.54,+25.453,+13.205,+0.948
1659033600,+3.54,+25.486,+13.214,+0.948
1659034200,+3.54,+25.503,+13.992,+0.949
1659034800,+3.54,+25.503,+14.146,+0.949
1659035400,+3.54,+25.512,+14.259,+0.949
1659036000,+3.54,+25.512,+14.296,+0.950
1659036600,+3.54,+25.520,+14.139,+0.949
1659037200,+3.54,+25.537,+14.012,+0.950
1659037800,+3.54,+25.520,+14.221,+0.949
1659038400,+3.54,+25.520,+14.400,+0.949
1659039000,+3.54,+25.503,+14.038,+0.949
1659039600,+3.54,+25.520,+14.029,+0.950
1659040200,+3.54,+25.520,+14.129,+0.949
1659040800,+3.54,+25.503,+13.930,+0.948
1659041400,+3.54,+25.503,+13.985,+0.949
1659042000,+3.54,+25.512,+13.891,+0.949
1659042600,+3.54,+25.486,+14.111,+0.948
1659043200,+3.54,+25.503,+13.968,+0.948
1659043800,+3.54,+25.486,+14.376,+0.949
1659044400,+3.54,+25.486,+14.182,+0.949
1659045000,+3.54,+25.461,+14.149,+0.950
1659045600,+3.54,+25.469,+14.022,+0.949
1659046200,+3.54,+25.478,+13.959,+0.948
1659046800,+3.54,+25.478,+13.859,+0.949
1659047400,+3.54,+25.503,+13.833,+0.949
1659048000,+3.54,+25.512,+13.797,+0.948
1659048600,+3.54,+25.495,+13.630,+0.949
1659049200,+3.54,+25.503,+13.220,+0.948
1659049800,+3.54,+25.512,+13.106,+0.946
1659050400,+3.54,+25.503,+13.228,+0.948
