7450-931334
OS REV: 1.05 Sensor Cal: 1635271019
Time (sec),  BV (Volts),  T (deg C),  DO (mg/l),  Q ()
1660269000,+3.54,+25.032, +8.175,+0.947
1660269600,+3.54,+25.049, +8.003,+0.947
1660270200,+3.54,+24.990, +7.205,+0.947
1660270800,+3.54,+24.981, +7.143,+0.947
1660271400,+3.54,+24.990, +6.789,+0.947
1660272000,+3.54,+24.981, +6.431,+0.947
1660272600,+3.54,+24.956, +6.673,+0.947
1660273200,+3.54,+24.939, +6.571,+0.947
1660273800,+3.54,+24.948, +6.320,+0.948
1660274400,+3.54,+24.931, +6.801,+0.948
1660275000,+3.54,+24.931, +6.660,+0.947
1660275600,+3.54,+24.897, +6.297,+0.947
1660276200,+3.54,+24.872, +6.417,+0.948
1660276800,+3.54,+24.880, +6.498,+0.948
1660277400,+3.54,+24.889, +6.568,+0.948
1660278000,+3.54,+24.889, +6.635,+0.947
1660278600,+3.54,+24.855, +6.825,+0.948
1660279200,+3.54,+24.813, +6.828,+0.947
1660279800,+3.54,+24.830, +6.718,+0.947
1660280400,+3.54,+24.838, +6.637,+0.948
1660281000,+3.54,+24.838, +6.600,+0.947
1660281600,+3.54,+24.864, +6.519,+0.948
1660282200,+3.54,+24.838, +6.744,+0.948
1660282800,+3.54,+24.838, +6.707,+0.948
1660283400,+3.54,+24.830, +6.647,+0.948
1660284000,+3.54,+24.822, +6.572,+0.947
1660284600,+3.54,+24.813, +6.588,+0.948
1660285200,+3.54,+24.822, +6.494,+0.948
1660285800,+3.54,+24.838, +6.435,+0.948
1660286400,+3.54,+24.822, +6.500,+0.948
1660287000,+3.54,+24.805, +6.504,+0.948
1660287600,+3.54,+24.805, +6.498,+0.948
1660288200,+3.54,+24.796, +6.412,+0.948
1660288800,+3.54,+24.822, +6.388,+0.948
1660289400,+3.54,+24.838, +6.424,+0.948
1660290000,+3.54,+24.822, +6.485,+0.948
1660290600,+3.54,+24.822, +6.461,+0.948
1660291200,+3.54,+24.780, +6.531,+0.948
1660291800,+3.54,+24.780, +6.483,+0.948
1660292400,+3.54,+24.805, +6.262,+0.948
1660293000,+3.54,+24.813, +6.141,+0.947
1660293600,+3.54,+24.805, +6.396,+0.948
1660294200,+3.54,+24.788, +6.456,+0.948
1660294800,+3.54,+24.780, +6.424,+0.948
1660295400,+3.54,+24.771, +6.370,+0.948
1660296000,+3.54,+24.788, +6.276,+0.947
1660296600,+3.54,+24.780, +6.274,+0.947
1660297200,+3.54,+24.796, +6.276,+0.947
1660297800,+3.54,+24.796, +6.401,+0.947
1660298400,+3.54,+24.805, +7.381,+0.948
1660299000,+3.54,+24.796, +7.412,+0.948
1660299600,+3.54,+24.830, +7.795,+0.948
1660300200,+3.54,+24.872, +8.103,+0.948
1660300800,+3.54,+24.897, +8.094,+0.948
1660301400,+3.54,+24.964, +7.937,+0.947
1660302000,+3.54,+24.981, +8.252,+0.947
1660302600,+3.54,+24.998, +8.112,+0.947
1660303200,+3.54,+24.981, +7.923,+0.947
1660303800,+3.54,+24.956, +7.804,+0.947
1660304400,+3.54,+24.973, +8.014,+0.947
1660305000,+3.54,+25.007, +8.230,+0.947
1660305600,+3.54,+25.007, +8.239,+0.947
1660306200,+3.54,+24.998, +8.006,+0.947
1660306800,+3.54,+24.948, +7.777,+0.947
1660307400,+3.54,+24.922, +7.850,+0.947
1660308000,+3.54,+24.964, +8.092,+0.947
1660308600,+3.54,+24.956, +8.301,+0.948
1660309200,+3.54,+24.981, +8.168,+0.947
1660309800,+3.54,+24.973, +7.932,+0.947
1660310400,+3.54,+24.973, +7.973,+0.948
1660311000,+3.54,+24.964, +7.938,+0.947
1660311600,+3.54,+24.964, +7.915,+0.947
1660312200,+3.54,+24.981, +8.050,+0.947
1660312800,+3.54,+25.007, +8.637,+0.947
1660313400,+3.54,+25.015, +8.854,+0.947
1660314000,+3.54,+25.049, +8.833,+0.947
1660314600,+3.54,+25.065, +8.416,+0.947
1660315200,+3.54,+25.015, +8.080,+0.947
1660315800,+3.54,+24.981, +8.159,+0.947
1660316400,+3.54,+24.998, +8.229,+0.947
1660317000,+3.54,+25.040, +8.536,+0.947
1660317600,+3.54,+25.032, +8.479,+0.947
1660318200,+3.54,+25.040, +8.548,+0.947
1660318800,+3.54,+25.049, +8.509,+0.947
1660319400,+3.54,+25.032, +8.402,+0.948
1660320000,+3.54,+25.015, +8.419,+0.947
1660320600,+3.54,+25.015, +8.647,+0.947
1660321200,+3.54,+25.040, +8.889,+0.947
1660321800,+3.54,+25.049, +9.051,+0.947
1660322400,+3.54,+25.049, +8.945,+0.948
1660323000,+3.54,+25.065, +9.071,+0.947
1660323600,+3.54,+25.015, +8.557,+0.947
1660324200,+3.54,+25.023, +8.603,+0.947
1660324800,+3.54,+25.007, +9.031,+0.948
1660325400,+3.54,+25.007, +8.761,+0.948
1660326000,+3.54,+25.015, +8.956,+0.947
1660326600,+3.54,+25.032, +9.148,+0.947
1660327200,+3.54,+25.015, +8.891,+0.948
1660327800,+3.54,+24.998, +8.683,+0.948
1660328400,+3.54,+25.015, +8.811,+0.948
1660329000,+3.54,+24.998, +8.934,+0.948
1660329600,+3.54,+25.015, +9.044,+0.947
1660330200,+3.54,+25.007, +9.120,+0.948
1660330800,+3.54,+25.040, +9.074,+0.948
1660331400,+3.54,+25.065, +9.462,+0.948
1660332000,+3.54,+25.040, +9.266,+0.947
1660332600,+3.54,+25.040, +9.030,+0.947
1660333200,+3.54,+25.015, +9.023,+0.947
1660333800,+3.54,+25.007, +9.088,+0.948
1660334400,+3.54,+25.023, +9.273,+0.947
1660335000,+3.54,+25.040, +9.109,+0.948
1660335600,+3.54,+25.057, +9.322,+0.948
1660336200,+3.54,+25.023, +9.055,+0.947
1660336800,+3.54,+25.049, +9.294,+0.947
1660337400,+3.54,+25.032, +9.323,+0.948
1660338000,+3.54,+25.032, +9.703,+0.948
1660338600,+3.54,+25.049, +9.338,+0.947
1660339200,+3.54,+25.065,+10.043,+0.948
1660339800,+3.54,+25.091, +9.772,+0.948
1660340400,+3.54,+25.065, +9.229,+0.948
1660341000,+3.54,+25.049, +9.140,+0.947
1660341600,+3.54,+25.032, +9.169,+0.947
1660342200,+3.54,+25.065, +9.681,+0.948
1660342800,+3.54,+25.040, +9.644,+0.948
1660343400,+3.54,+25.082,+10.078,+0.949
1660344000,+3.54,+25.099, +9.640,+0.947
1660344600,+3.54,+25.074, +9.567,+0.947
1660345200,+3.54,+25.065, +9.228,+0.948
1660345800,+3.54,+25.082, +9.287,+0.948
1660346400,+3.54,+25.065, +9.174,+0.947
1660347000,+3.54,+25.099, +9.898,+0.948
1660347600,+3.54,+25.116,+10.237,+0.947
1660348200,+3.54,+25.116, +9.935,+0.948
1660348800,+3.54,+25.141, +9.874,+0.948
1660349400,+3.54,+25.099, +9.406,+0.948
1660350000,+3.54,+25.091, +9.328,+0.948
1660350600,+3.54,+25.074, +9.446,+0.948
1660351200,+3.54,+25.107, +9.600,+0.948
1660351800,+3.54,+25.091, +9.675,+0.948
1660352400,+3.54,+25.082, +9.333,+0.947
1660353000,+3.54,+25.141, +9.857,+0.947
1660353600,+3.54,+25.141, +9.832,+0.949
1660354200,+3.54,+25.099, +9.457,+0.948
1660354800,+3.54,+25.133, +9.728,+0.948
1660355400,+3.54,+25.141,+10.048,+0.948
