7450-931334
OS REV: 1.05 Sensor Cal: 1635271019
Time (sec),  BV (Volts),  T (deg C),  DO (mg/l),  Q ()
1660443000,+3.54,+25.032, +7.763,+0.948
1660443600,+3.54,+25.015, +7.379,+0.947
1660444200,+3.54,+24.998, +7.206,+0.947
1660444800,+3.54,+25.023, +7.024,+0.948
1660445400,+3.54,+24.990, +7.212,+0.948
1660446000,+3.54,+24.990, +7.338,+0.947
1660446600,+3.54,+24.981, +7.061,+0.947
1660447200,+3.54,+24.964, +6.797,+0.947
1660447800,+3.54,+24.948, +6.981,+0.948
1660448400,+3.54,+24.906, +7.285,+0.948
1660449000,+3.54,+24.922, +7.252,+0.948
1660449600,+3.54,+24.948, +7.050,+0.948
1660450200,+3.54,+24.931, +7.147,+0.948
1660450800,+3.54,+24.872, +7.278,+0.948
1660451400,+3.54,+24.864, +7.260,+0.949
1660452000,+3.54,+24.864, +7.283,+0.948
1660452600,+3.54,+24.864, +7.072,+0.948
1660453200,+3.54,+24.889, +7.014,+0.948
1660453800,+3.54,+24.906, +7.073,+0.948
1660454400,+3.54,+24.914, +7.045,+0.948
1660455000,+3.54,+24.864, +7.232,+0.948
1660455600,+3.54,+24.864, +7.159,+0.948
1660456200,+3.54,+24.880, +7.010,+0.948
1660456800,+3.54,+24.880, +6.742,+0.948
1660457400,+3.54,+24.880, +6.873,+0.948
1660458000,+3.54,+24.914, +6.774,+0.949
1660458600,+3.54,+24.939, +6.704,+0.948
1660459200,+3.54,+24.897, +6.993,+0.947
1660459800,+3.54,+24.889, +7.033,+0.948
1660460400,+3.54,+24.855, +6.957,+0.948
1660461000,+3.54,+24.880, +6.618,+0.947
1660461600,+3.54,+24.872, +6.582,+0.948
1660462200,+3.54,+24.880, +6.598,+0.948
1660462800,+3.54,+24.889, +6.663,+0.948
1660463400,+3.54,+24.914, +6.407,+0.948
1660464000,+3.54,+24.880, +6.640,+0.948
1660464600,+3.54,+24.864, +6.635,+0.948
1660465200,+3.54,+24.864, +6.533,+0.948
1660465800,+3.54,+24.847, +6.655,+0.948
1660466400,+3.54,+24.855, +6.647,+0.948
1660467000,+3.54,+24.872, +6.720,+0.948
1660467600,+3.54,+24.880, +6.691,+0.948
1660468200,+3.54,+24.855, +6.779,+0.948
1660468800,+3.54,+24.847, +6.730,+0.948
1660469400,+3.54,+24.838, +6.771,+0.948
1660470000,+3.54,+24.838, +6.665,+0.948
1660470600,+3.54,+24.830, +6.632,+0.948
1660471200,+3.54,+24.889, +7.777,+0.948
1660471800,+3.54,+24.914, +8.124,+0.948
1660472400,+3.54,+24.897, +8.122,+0.948
1660473000,+3.54,+24.906, +7.997,+0.948
1660473600,+3.54,+24.922, +8.345,+0.948
1660474200,+3.54,+24.914, +8.055,+0.948
1660474800,+3.54,+24.948, +8.492,+0.948
1660475400,+3.54,+24.964, +8.678,+0.948
1660476000,+3.54,+24.973, +8.398,+0.948
1660476600,+3.54,+24.973, +8.336,+0.948
1660477200,+3.54,+24.981, +8.276,+0.948
1660477800,+3.54,+24.973, +8.158,+0.947
1660478400,+3.54,+24.973, +8.402,+0.948
1660479000,+3.54,+24.981, +8.437,+0.948
1660479600,+3.54,+24.973, +8.492,+0.948
1660480200,+3.54,+24.990, +8.396,+0.948
1660480800,+3.54,+25.015, +8.722,+0.948
1660481400,+3.54,+25.040, +8.382,+0.947
1660482000,+3.54,+25.049, +8.267,+0.948
1660482600,+3.54,+25.040, +8.368,+0.948
1660483200,+3.54,+25.040, +8.398,+0.948
1660483800,+3.54,+25.015, +8.445,+0.948
1660484400,+3.54,+25.040, +8.707,+0.948
1660485000,+3.54,+25.057, +8.796,+0.947
1660485600,+3.54,+25.065, +8.749,+0.948
1660486200,+3.54,+25.099, +9.069,+0.948
1660486800,+3.54,+25.133, +8.538,+0.948
1660487400,+3.54,+25.124, +8.532,+0.947
1660488000,+3.54,+25.099, +8.590,+0.948
1660488600,+3.54,+25.133, +8.828,+0.948
1660489200,+3.54,+25.141, +9.083,+0.948
1660489800,+3.54,+25.141, +9.083,+0.948
1660490400,+3.54,+25.141, +9.236,+0.948
1660491000,+3.54,+25.166, +9.480,+0.948
1660491600,+3.54,+25.124, +8.716,+0.948
1660492200,+3.54,+25.124, +8.529,+0.948
1660492800,+3.54,+25.107, +8.579,+0.947
1660493400,+3.54,+25.133, +8.771,+0.948
1660494000,+3.54,+25.133, +9.067,+0.948
1660494600,+3.54,+25.116, +8.957,+0.948
1660495200,+3.54,+25.116, +8.913,+0.948
1660495800,+3.54,+25.116, +8.745,+0.948
1660496400,+3.54,+25.133, +9.105,+0.947
1660497000,+3.54,+25.107, +8.627,+0.948
1660497600,+3.54,+25.091, +8.553,+0.948
1660498200,+3.54,+25.082, +8.693,+0.948
1660498800,+3.54,+25.065, +8.817,+0.948
1660499400,+3.54,+25.082, +9.031,+0.948
1660500000,+3.54,+25.082, +8.997,+0.948
1660500600,+3.54,+25.116, +9.029,+0.947
1660501200,+3.54,+25.107, +8.855,+0.949
1660501800,+3.54,+25.074, +8.639,+0.948
1660502400,+3.54,+25.082, +8.693,+0.948
1660503000,+3.54,+25.116, +8.967,+0.948
1660503600,+3.54,+25.107, +9.217,+0.948
1660504200,+3.54,+25.107, +9.520,+0.947
1660504800,+3.54,+25.099, +9.262,+0.948
1660505400,+3.54,+25.091, +8.846,+0.948
1660506000,+3.54,+25.099, +8.804,+0.947
1660506600,+3.54,+25.082, +8.772,+0.948
1660507200,+3.54,+25.065, +8.673,+0.948
1660507800,+3.54,+25.099, +8.917,+0.947
1660508400,+3.54,+25.082, +9.146,+0.948
1660509000,+3.54,+25.065, +9.129,+0.948
1660509600,+3.54,+25.091, +9.171,+0.948
1660510200,+3.54,+25.091, +9.033,+0.948
1660510800,+3.54,+25.107, +8.936,+0.947
1660511400,+3.54,+25.099, +8.853,+0.948
1660512000,+3.54,+25.091, +8.906,+0.948
1660512600,+3.54,+25.107, +9.115,+0.948
1660513200,+3.54,+25.099, +9.251,+0.948
1660513800,+3.54,+25.091, +9.093,+0.947
1660514400,+3.54,+25.124, +9.144,+0.948
1660515000,+3.54,+25.175, +9.276,+0.947
1660515600,+3.54,+25.150, +9.101,+0.948
1660516200,+3.54,+25.192, +9.018,+0.948
1660516800,+3.54,+25.175, +9.108,+0.947
1660517400,+3.54,+25.150, +8.868,+0.948
1660518000,+3.54,+25.107, +8.930,+0.947
1660518600,+3.54,+25.124, +8.936,+0.948
1660519200,+3.54,+25.124, +9.171,+0.949
1660519800,+3.54,+25.141, +9.007,+0.948
1660520400,+3.54,+25.133, +8.817,+0.948
1660521000,+3.54,+25.124, +8.794,+0.948
1660521600,+3.54,+25.124, +8.823,+0.947
1660522200,+3.54,+25.107, +8.760,+0.947
1660522800,+3.54,+25.150, +8.956,+0.948
1660523400,+3.54,+25.116, +9.168,+0.947
1660524000,+3.54,+25.116, +8.916,+0.948
1660524600,+3.54,+25.124, +8.773,+0.947
1660525200,+3.54,+25.141, +8.820,+0.948
1660525800,+3.54,+25.150, +8.838,+0.948
1660526400,+3.54,+25.150, +8.930,+0.949
1660527000,+3.54,+25.099, +8.821,+0.948
1660527600,+3.54,+25.141, +8.851,+0.948
1660528200,+3.54,+25.133, +8.980,+0.947
1660528800,+3.54,+25.116, +8.927,+0.948
1660529400,+3.54,+25.074, +7.511,+0.947
