7450-482612
OS REV: 1.05 Sensor Cal: 1635265649
Time (sec),  BV (Volts),  T (deg C),  DO (mg/l),  Q ()
1659818100,+3.52,+20.133,+15.170,+0.987
1659818700,+3.52,+20.149,+15.296,+0.987
1659819300,+3.52,+20.133,+15.378,+0.987
1659819900,+3.52,+20.133,+15.472,+0.987
1659820500,+3.52,+20.133,+15.395,+0.986
1659821100,+3.52,+20.141,+15.406,+0.986
1659821700,+3.52,+20.133,+15.373,+0.987
1659822300,+3.52,+20.158,+15.478,+0.988
1659822900,+3.52,+20.133,+15.458,+0.987
1659823500,+3.52,+20.183,+15.538,+0.987
1659824100,+3.52,+20.183,+15.490,+0.987
1659824700,+3.52,+20.216,+15.513,+0.988
1659825300,+3.52,+20.242,+15.424,+0.986
1659825900,+3.52,+20.242,+15.382,+0.988
1659826500,+3.52,+20.267,+15.510,+0.987
1659827100,+3.52,+20.283,+15.647,+0.987
1659827700,+3.52,+20.300,+15.666,+0.987
1659828300,+3.52,+20.325,+15.719,+0.986
1659828900,+3.52,+20.342,+15.756,+0.988
1659829500,+3.52,+20.350,+15.644,+0.987
1659830100,+3.52,+20.367,+15.268,+0.986
1659830700,+3.52,+20.359,+15.569,+0.987
1659831300,+3.52,+20.392,+15.731,+0.987
1659831900,+3.52,+20.401,+15.663,+0.987
1659832500,+3.52,+20.384,+15.627,+0.987
1659833100,+3.52,+20.401,+15.744,+0.987
1659833700,+3.52,+20.417,+15.909,+0.986
1659834300,+3.52,+20.434,+15.992,+0.988
1659834900,+3.52,+20.401,+15.584,+0.987
1659835500,+3.52,+20.392,+15.317,+0.987
1659836100,+3.52,+20.443,+15.642,+0.987
1659836700,+3.52,+20.426,+15.762,+0.987
1659837300,+3.52,+20.409,+15.756,+0.987
1659837900,+3.52,+20.350,+13.867,+0.986
1659838500,+3.52,+20.300,+12.227,+0.985
1659839100,+3.52,+20.267,+11.690,+0.986
1659839700,+3.52,+20.208,+11.317,+0.985
1659840300,+3.52,+20.183,+11.074,+0.985
1659840900,+3.52,+20.133,+10.988,+0.986
1659841500,+3.52,+20.082,+10.952,+0.985
1659842100,+3.52,+20.057,+10.809,+0.987
1659842700,+3.52,+20.015,+10.601,+0.985
1659843300,+3.52,+19.973,+10.615,+0.986
1659843900,+3.52,+19.923,+10.569,+0.986
1659844500,+3.52,+19.906,+10.440,+0.986
1659845100,+3.52,+19.881,+10.456,+0.986
1659845700,+3.52,+19.873,+10.432,+0.985
1659846300,+3.52,+19.848,+10.322,+0.986
1659846900,+3.52,+19.831,+10.248,+0.986
1659847500,+3.52,+19.797,+10.106,+0.985
1659848100,+3.52,+19.764, +9.979,+0.986
1659848700,+3.52,+19.747, +9.934,+0.986
1659849300,+3.52,+19.722, +9.987,+0.985
1659849900,+3.52,+19.697, +9.901,+0.986
1659850500,+3.52,+19.697, +9.837,+0.986
1659851100,+3.52,+19.688, +9.859,+0.985
1659851700,+3.52,+19.672, +9.747,+0.986
1659852300,+3.52,+19.655, +9.744,+0.986
1659852900,+3.52,+19.655, +9.667,+0.986
1659853500,+3.52,+19.655, +9.604,+0.985
1659854100,+3.52,+19.663, +9.493,+0.986
1659854700,+3.52,+19.655, +9.487,+0.985
1659855300,+3.52,+19.638, +9.449,+0.986
1659855900,+3.52,+19.655, +9.403,+0.985
1659856500,+3.52,+19.655, +9.383,+0.987
1659857100,+3.52,+19.655, +9.317,+0.985
1659857700,+3.52,+19.663, +9.352,+0.986
1659858300,+3.52,+19.646, +9.408,+0.985
1659858900,+3.52,+19.630, +9.439,+0.986
1659859500,+3.52,+19.655, +9.392,+0.986
1659860100,+3.52,+19.646, +9.407,+0.985
1659860700,+3.52,+19.630, +9.373,+0.985
1659861300,+3.52,+19.630, +9.404,+0.985
1659861900,+3.52,+19.638, +9.330,+0.985
1659862500,+3.52,+19.630, +9.306,+0.985
1659863100,+3.52,+19.605, +9.307,+0.986
1659863700,+3.52,+19.621, +9.265,+0.985
1659864300,+3.52,+19.621, +9.140,+0.985
1659864900,+3.52,+19.588, +8.994,+0.986
1659865500,+3.52,+19.596, +8.955,+0.985
1659866100,+3.52,+19.571, +8.837,+0.985
1659866700,+3.52,+19.563, +8.741,+0.985
1659867300,+3.52,+19.571, +8.703,+0.985
1659867900,+3.52,+19.563, +8.643,+0.985
1659868500,+3.52,+19.554, +8.633,+0.986
1659869100,+3.52,+19.546, +8.603,+0.985
1659869700,+3.52,+19.537, +8.599,+0.986
1659870300,+3.52,+19.554, +8.613,+0.985
1659870900,+3.52,+19.554, +8.540,+0.985
1659871500,+3.52,+19.554, +8.593,+0.986
1659872100,+3.52,+19.621,+11.203,+0.986
1659872700,+3.52,+19.630,+13.031,+0.986
1659873300,+3.52,+19.638,+14.321,+0.986
1659873900,+3.52,+19.638,+15.073,+0.986
1659874500,+3.52,+19.680,+15.461,+0.987
1659875100,+3.52,+19.680,+15.516,+0.987
1659875700,+3.52,+19.722,+15.571,+0.986
1659876300,+3.52,+19.730,+16.001,+0.986
1659876900,+3.52,+19.747,+16.273,+0.988
1659877500,+3.52,+19.772,+16.329,+0.987
1659878100,+3.52,+19.789,+16.469,+0.987
1659878700,+3.52,+19.831,+16.550,+0.987
1659879300,+3.52,+19.831,+16.640,+0.988
1659879900,+3.52,+19.848,+16.690,+0.987
1659880500,+3.52,+19.881,+16.613,+0.987
1659881100,+3.52,+19.906,+16.658,+0.987
1659881700,+3.52,+19.915,+16.868,+0.987
1659882300,+3.52,+19.940,+16.988,+0.988
1659882900,+3.52,+19.973,+17.010,+0.987
1659883500,+3.52,+20.007,+17.018,+0.986
1659884100,+3.52,+20.024,+17.200,+0.988
1659884700,+3.52,+20.032,+17.217,+0.989
1659885300,+3.52,+20.066,+17.130,+0.986
1659885900,+3.52,+20.091,+17.220,+0.988
1659886500,+3.52,+20.091,+17.109,+0.987
1659887100,+3.52,+20.124,+16.841,+0.988
1659887700,+3.52,+20.141,+16.657,+0.986
1659888300,+3.52,+20.166,+16.608,+0.986
1659888900,+3.52,+20.208,+16.598,+0.986
1659889500,+3.52,+20.200,+16.694,+0.987
1659890100,+3.52,+20.225,+16.623,+0.988
1659890700,+3.52,+20.242,+16.548,+0.988
1659891300,+3.52,+20.242,+16.563,+0.987
1659891900,+3.52,+20.258,+16.549,+0.987
1659892500,+3.52,+20.275,+16.718,+0.986
1659893100,+3.52,+20.309,+17.135,+0.989
1659893700,+3.52,+20.300,+17.325,+0.988
1659894300,+3.52,+20.292,+17.387,+0.987
1659894900,+3.52,+20.300,+17.586,+0.988
1659895500,+3.52,+20.325,+17.607,+0.988
1659896100,+3.52,+20.342,+17.515,+0.988
1659896700,+3.52,+20.367,+17.589,+0.989
1659897300,+3.52,+20.384,+17.751,+0.988
1659897900,+3.52,+20.392,+17.900,+0.987
1659898500,+3.52,+20.401,+17.925,+0.989
1659899100,+3.52,+20.409,+17.678,+0.988
1659899700,+3.52,+20.426,+17.714,+0.989
1659900300,+3.52,+20.434,+17.638,+0.989
1659900900,+3.52,+20.426,+17.606,+0.988
1659901500,+3.52,+20.417,+17.471,+0.988
1659902100,+3.52,+20.417,+17.539,+0.988
1659902700,+3.52,+20.392,+17.421,+0.988
1659903300,+3.52,+20.359,+17.569,+0.987
1659903900,+3.52,+20.334,+17.662,+0.989
1659904500,+3.52,+20.292,+17.680,+0.988
