7450-482612
OS REV: 1.05 Sensor Cal: 1635265649
Time (sec),  BV (Volts),  T (deg C),  DO (mg/l),  Q ()
1659122100,+3.52,+20.644,+27.373,+0.996
1659122700,+3.52,+20.677,+27.279,+0.996
1659123300,+3.52,+20.719,+27.132,+0.996
1659123900,+3.52,+20.694,+27.082,+0.997
1659124500,+3.52,+20.711,+26.938,+0.993
1659125100,+3.52,+20.719,+27.093,+0.996
1659125700,+3.52,+20.711,+27.291,+0.996
1659126300,+3.52,+20.677,+27.263,+0.993
1659126900,+3.52,+20.660,+27.391,+0.996
1659127500,+3.52,+20.618,+27.471,+0.997
1659128100,+3.52,+20.602,+27.458,+0.996
1659128700,+3.52,+20.535,+27.470,+0.996
1659129300,+3.52,+20.510,+27.444,+0.996
1659129900,+3.52,+20.468,+27.330,+0.994
1659130500,+3.52,+20.434,+27.338,+0.995
1659131100,+3.52,+20.392,+27.291,+0.996
1659131700,+3.52,+20.350,+27.297,+0.998
1659132300,+3.52,+20.342,+27.112,+0.996
1659132900,+3.52,+20.350,+26.818,+0.994
1659133500,+3.52,+20.359,+26.688,+0.995
1659134100,+3.52,+20.417,+26.550,+0.993
1659134700,+3.52,+20.426,+26.753,+0.996
1659135300,+3.52,+20.443,+26.930,+0.997
1659135900,+3.52,+20.493,+26.868,+0.994
1659136500,+3.52,+20.510,+26.938,+0.995
1659137100,+3.52,+20.568,+26.978,+0.996
1659137700,+3.52,+20.585,+27.016,+0.996
1659138300,+3.52,+20.627,+26.964,+0.994
1659138900,+3.52,+20.635,+27.008,+0.995
1659139500,+3.52,+20.685,+26.958,+0.995
1659140100,+3.52,+20.677,+26.851,+0.995
1659140700,+3.52,+20.702,+26.665,+0.996
1659141300,+3.52,+20.711,+26.573,+0.995
1659141900,+3.52,+20.702,+26.713,+0.997
1659142500,+3.52,+20.677,+26.813,+0.995
1659143100,+3.52,+20.644,+26.848,+0.993
1659143700,+3.52,+20.618,+27.008,+0.995
1659144300,+3.52,+20.585,+26.818,+0.996
1659144900,+3.52,+20.551,+26.543,+0.994
1659145500,+3.52,+20.510,+26.712,+0.997
1659146100,+3.52,+20.459,+26.811,+0.996
1659146700,+3.52,+20.334,+22.428,+0.993
1659147300,+3.52,+20.350,+17.891,+0.989
1659147900,+3.53,+20.300,+14.323,+0.986
1659148500,+3.52,+20.275,+11.560,+0.985
1659149100,+3.52,+20.267, +9.287,+0.986
1659149700,+3.52,+20.267, +7.462,+0.986
1659150300,+3.52,+20.283, +6.017,+0.986
1659150900,+3.52,+20.292, +4.828,+0.987
1659151500,+3.52,+20.325, +3.815,+0.986
1659152100,+3.52,+20.334, +2.936,+0.987
1659152700,+3.52,+20.359, +2.134,+0.986
1659153300,+3.52,+20.384, +1.413,+0.984
1659153900,+3.52,+20.409, +0.889,+0.980
1659154500,+3.52,+20.426, +0.423,+0.976
1659155100,+3.52,+20.451, +0.131,+0.973
1659155700,+3.52,+20.451, +0.029,+0.971
1659156300,+3.52,+20.476, +0.026,+0.971
1659156900,+3.52,+20.501, +0.026,+0.971
1659157500,+3.52,+20.526, +0.026,+0.971
1659158100,+3.52,+20.518, +0.026,+0.971
1659158700,+3.52,+20.526, +0.026,+0.971
1659159300,+3.52,+20.543, +0.027,+0.971
1659159900,+3.52,+20.518, +0.027,+0.971
1659160500,+3.52,+20.510, +0.027,+0.971
1659161100,+3.52,+20.484, +0.027,+0.971
1659161700,+3.52,+20.426, +0.027,+0.972
1659162300,+3.52,+20.392, +0.027,+0.972
1659162900,+3.52,+20.342, +0.028,+0.972
1659163500,+3.52,+20.300, +0.027,+0.972
1659164100,+3.53,+20.250, +0.027,+0.972
1659164700,+3.53,+20.216, +0.027,+0.972
1659165300,+3.53,+20.191, +0.027,+0.972
1659165900,+3.53,+20.166, +0.027,+0.972
1659166500,+3.53,+20.191, +0.027,+0.972
1659167100,+3.53,+20.191, +0.027,+0.972
1659167700,+3.53,+20.191, +0.027,+0.972
1659168300,+3.53,+20.200, +0.027,+0.972
1659168900,+3.53,+20.216, +0.027,+0.972
1659169500,+3.53,+20.216, +0.027,+0.972
1659170100,+3.53,+20.225, +0.027,+0.972
1659170700,+3.53,+20.225, +0.027,+0.972
1659171300,+3.53,+20.233, +0.027,+0.972
1659171900,+3.53,+20.225, +0.027,+0.972
1659172500,+3.53,+20.250, +0.027,+0.973
1659173100,+3.52,+20.267, +0.027,+0.972
1659173700,+3.53,+20.283, +0.026,+0.972
1659174300,+3.52,+20.275, +0.027,+0.973
1659174900,+3.53,+20.300, +0.026,+0.973
1659175500,+3.52,+20.300, +0.026,+0.973
1659176100,+3.52,+20.300, +0.027,+0.973
1659176700,+3.52,+20.334, +0.027,+0.973
1659177300,+3.52,+20.359, +0.026,+0.973
1659177900,+3.52,+20.434, +2.543,+0.992
1659178500,+3.52,+20.443, +8.972,+0.986
1659179100,+3.52,+20.501,+14.183,+0.987
1659179700,+3.52,+20.510,+18.233,+0.989
1659180300,+3.52,+20.560,+21.302,+0.993
1659180900,+3.52,+20.551,+23.796,+0.993
1659181500,+3.52,+20.560,+25.886,+0.994
1659182100,+3.52,+20.568,+27.507,+0.997
1659182700,+3.52,+20.577,+28.367,+0.998
1659183300,+3.52,+20.551,+28.674,+0.998
1659183900,+3.52,+20.543,+28.587,+0.996
1659184500,+3.52,+20.510,+28.513,+0.997
1659185100,+3.52,+20.468,+28.304,+0.996
1659185700,+3.52,+20.417,+28.157,+0.998
1659186300,+3.52,+20.392,+28.039,+0.999
1659186900,+3.52,+20.350,+27.821,+0.997
1659187500,+3.52,+20.317,+27.712,+1.000
1659188100,+3.52,+20.317,+27.256,+0.996
1659188700,+3.52,+20.334,+26.923,+0.995
1659189300,+3.53,+20.350,+26.705,+0.994
1659189900,+3.52,+20.384,+26.854,+0.998
1659190500,+3.52,+20.417,+26.739,+0.995
1659191100,+3.52,+20.459,+26.833,+0.996
1659191700,+3.52,+20.476,+26.896,+0.996
1659192300,+3.52,+20.535,+26.925,+0.997
1659192900,+3.52,+20.560,+26.913,+0.995
1659193500,+3.52,+20.585,+26.977,+0.996
1659194100,+3.52,+20.618,+26.983,+0.995
1659194700,+3.52,+20.660,+27.121,+0.998
1659195300,+3.52,+20.660,+26.922,+0.994
1659195900,+3.52,+20.652,+26.876,+0.994
1659196500,+3.52,+20.644,+26.907,+0.995
1659197100,+3.52,+20.669,+27.134,+0.995
1659197700,+3.52,+20.627,+27.402,+0.995
1659198300,+3.52,+20.618,+27.642,+0.997
1659198900,+3.52,+20.585,+27.686,+0.997
1659199500,+3.52,+20.560,+27.679,+0.995
1659200100,+3.52,+20.526,+27.669,+0.996
1659200700,+3.52,+20.476,+27.805,+0.999
1659201300,+3.52,+20.443,+27.733,+0.998
1659201900,+3.52,+20.401,+27.669,+0.997
1659202500,+3.53,+20.342,+27.529,+0.994
1659203100,+3.52,+20.367,+27.365,+0.997
1659203700,+3.52,+20.376,+27.095,+0.995
1659204300,+3.52,+20.409,+27.123,+0.999
1659204900,+3.52,+20.443,+26.974,+0.995
1659205500,+3.52,+20.451,+27.093,+0.996
1659206100,+3.52,+20.468,+27.255,+0.998
1659206700,+3.52,+20.501,+27.257,+0.995
1659207300,+3.52,+20.543,+27.294,+0.994
1659207900,+3.52,+20.577,+27.415,+0.996
1659208500,+3.52,+20.610,+27.474,+0.996
