7450-482612
OS REV: 1.05 Sensor Cal: 1635265649
Time (sec),  BV (Volts),  T (deg C),  DO (mg/l),  Q ()
1658600100,+3.52,+20.384,+27.168,+0.996
1658600700,+3.53,+20.334,+26.937,+0.994
1658601300,+3.53,+20.300,+26.480,+0.993
1658601900,+3.53,+20.300,+26.290,+0.995
1658602500,+3.52,+20.325,+26.369,+0.995
1658603100,+3.53,+20.359,+26.486,+0.994
1658603700,+3.52,+20.376,+26.699,+0.994
1658604300,+3.52,+20.401,+26.926,+0.997
1658604900,+3.52,+20.409,+26.838,+0.995
1658605500,+3.52,+20.451,+26.783,+0.994
1658606100,+3.52,+20.476,+26.757,+0.993
1658606700,+3.52,+20.510,+26.916,+0.997
1658607300,+3.52,+20.535,+26.790,+0.995
1658607900,+3.52,+20.560,+26.847,+0.996
1658608500,+3.52,+20.585,+26.838,+0.997
1658609100,+3.52,+20.627,+26.538,+0.994
1658609700,+3.52,+20.635,+26.386,+0.995
1658610300,+3.52,+20.618,+26.213,+0.991
1658610900,+3.52,+20.627,+26.349,+0.995
1658611500,+3.52,+20.652,+26.533,+0.995
1658612100,+3.52,+20.610,+26.788,+0.993
1658612700,+3.52,+20.577,+26.906,+0.995
1658613300,+3.52,+20.560,+26.951,+0.995
1658613900,+3.52,+20.535,+27.044,+0.996
1658614500,+3.52,+20.484,+27.083,+0.997
1658615100,+3.52,+20.459,+27.039,+0.996
1658615700,+3.52,+20.392,+26.944,+0.996
1658616300,+3.52,+20.367,+26.850,+0.995
1658616900,+3.53,+20.317,+26.666,+0.992
1658617500,+3.53,+20.309,+26.359,+0.993
1658618100,+3.53,+20.325,+26.183,+0.995
1658618700,+3.53,+20.334,+26.239,+0.995
1658619300,+3.52,+20.350,+26.431,+0.997
1658619900,+3.53,+20.376,+26.424,+0.996
1658620500,+3.52,+20.401,+26.379,+0.994
1658621100,+3.52,+20.417,+26.387,+0.994
1658621700,+3.52,+20.468,+26.345,+0.994
1658622300,+3.52,+20.484,+26.525,+0.996
1658622900,+3.52,+20.526,+26.539,+0.994
1658623500,+3.52,+20.568,+26.663,+0.995
1658624100,+3.52,+20.585,+26.619,+0.997
1658624700,+3.52,+20.627,+26.604,+0.996
1658625300,+3.52,+20.644,+26.595,+0.996
1658625900,+3.52,+20.660,+26.347,+0.994
1658626500,+3.52,+20.677,+26.254,+0.996
1658627100,+3.52,+20.669,+26.110,+0.993
1658627700,+3.52,+20.652,+26.252,+0.993
1658628300,+3.52,+20.568,+21.354,+0.992
1658628900,+3.52,+20.551,+16.815,+0.987
1658629500,+3.52,+20.510,+13.828,+0.986
1658630100,+3.52,+20.468,+11.515,+0.984
1658630700,+3.52,+20.426, +9.769,+0.985
1658631300,+3.52,+20.359, +8.365,+0.985
1658631900,+3.52,+20.309, +7.131,+0.985
1658632500,+3.52,+20.283, +6.045,+0.986
1658633100,+3.53,+20.250, +5.024,+0.987
1658633700,+3.53,+20.208, +4.173,+0.987
1658634300,+3.53,+20.166, +4.231,+0.987
1658634900,+3.53,+20.166, +4.664,+0.986
1658635500,+3.53,+20.200, +4.771,+0.986
1658636100,+3.53,+20.208, +4.745,+0.986
1658636700,+3.53,+20.242, +4.619,+0.986
1658637300,+3.53,+20.258, +4.444,+0.986
1658637900,+3.53,+20.283, +4.186,+0.986
1658638500,+3.53,+20.292, +3.906,+0.987
1658639100,+3.52,+20.292, +3.722,+0.987
1658639700,+3.53,+20.325, +3.580,+0.987
1658640300,+3.53,+20.350, +3.388,+0.987
1658640900,+3.53,+20.342, +3.236,+0.987
1658641500,+3.52,+20.367, +3.047,+0.987
1658642100,+3.52,+20.376, +2.836,+0.987
1658642700,+3.52,+20.409, +2.591,+0.987
1658643300,+3.52,+20.401, +2.483,+0.987
1658643900,+3.52,+20.417, +2.613,+0.987
1658644500,+3.52,+20.426, +2.662,+0.987
1658645100,+3.52,+20.417, +3.042,+0.987
1658645700,+3.52,+20.443, +3.268,+0.987
1658646300,+3.52,+20.459, +3.265,+0.987
1658646900,+3.52,+20.459, +3.215,+0.987
1658647500,+3.52,+20.476, +3.252,+0.987
1658648100,+3.52,+20.493, +3.179,+0.987
1658648700,+3.52,+20.501, +3.028,+0.987
1658649300,+3.52,+20.493, +2.739,+0.987
1658649900,+3.52,+20.468, +2.333,+0.987
1658650500,+3.52,+20.434, +2.017,+0.987
1658651100,+3.52,+20.409, +1.580,+0.986
1658651700,+3.52,+20.384, +1.356,+0.985
1658652300,+3.53,+20.334, +1.323,+0.984
1658652900,+3.53,+20.292, +1.311,+0.984
1658653500,+3.53,+20.242, +1.264,+0.984
1658654100,+3.53,+20.183, +1.188,+0.983
1658654700,+3.53,+20.158, +1.085,+0.982
1658655300,+3.53,+20.124, +0.912,+0.980
1658655900,+3.53,+20.099, +0.744,+0.979
1658656500,+3.53,+20.091, +0.501,+0.977
1658657100,+3.53,+20.066, +0.291,+0.975
1658657700,+3.52,+20.049, +0.592,+0.980
1658658300,+3.52,+20.057, +1.469,+0.988
1658658900,+3.53,+20.133,+10.338,+0.986
1658659500,+3.53,+20.166,+16.102,+0.987
1658660100,+3.53,+20.175,+20.214,+0.989
1658660700,+3.53,+20.216,+23.523,+0.994
1658661300,+3.53,+20.242,+25.901,+0.994
1658661900,+3.53,+20.258,+27.137,+0.996
1658662500,+3.53,+20.309,+27.183,+0.993
1658663100,+3.53,+20.334,+27.038,+0.993
1658663700,+3.52,+20.367,+27.105,+0.998
1658664300,+3.52,+20.417,+26.815,+0.995
1658664900,+3.52,+20.451,+26.701,+0.994
1658665500,+3.52,+20.493,+26.681,+0.994
1658666100,+3.52,+20.518,+26.609,+0.995
1658666700,+3.52,+20.560,+26.415,+0.993
1658667300,+3.52,+20.560,+26.271,+0.993
1658667900,+3.52,+20.551,+26.164,+0.995
1658668500,+3.52,+20.568,+26.147,+0.994
1658669100,+3.52,+20.560,+26.305,+0.995
1658669700,+3.52,+20.551,+26.578,+0.996
1658670300,+3.52,+20.510,+26.812,+0.997
1658670900,+3.52,+20.501,+26.778,+0.994
1658671500,+3.52,+20.443,+26.923,+0.995
1658672100,+3.52,+20.417,+26.891,+0.995
1658672700,+3.53,+20.359,+26.894,+0.995
1658673300,+3.53,+20.350,+26.902,+0.997
1658673900,+3.53,+20.283,+26.611,+0.993
1658674500,+3.53,+20.283,+26.317,+0.995
1658675100,+3.53,+20.309,+26.199,+0.995
1658675700,+3.52,+20.334,+26.282,+0.995
1658676300,+3.52,+20.359,+26.386,+0.992
1658676900,+3.53,+20.376,+26.621,+0.995
1658677500,+3.52,+20.401,+26.702,+0.995
1658678100,+3.52,+20.451,+26.742,+0.997
1658678700,+3.52,+20.493,+26.667,+0.995
1658679300,+3.52,+20.501,+26.866,+0.998
1658679900,+3.52,+20.535,+26.843,+0.995
1658680500,+3.52,+20.568,+26.834,+0.996
1658681100,+3.52,+20.593,+26.954,+0.995
1658681700,+3.52,+20.635,+26.850,+0.996
1658682300,+3.52,+20.635,+26.695,+0.995
1658682900,+3.52,+20.652,+26.596,+0.994
1658683500,+3.52,+20.652,+26.702,+0.996
1658684100,+3.52,+20.652,+26.688,+0.994
1658684700,+3.52,+20.627,+26.924,+0.995
1658685300,+3.52,+20.602,+27.147,+0.995
1658685900,+3.52,+20.560,+27.101,+0.992
1658686500,+3.52,+20.526,+27.142,+0.993
