7450-482612
OS REV: 1.05 Sensor Cal: 1635265649
Time (sec),  BV (Volts),  T (deg C),  DO (mg/l),  Q ()
1659905100,+3.52,+20.242,+17.491,+0.988
1659905700,+3.52,+20.225,+17.376,+0.987
1659906300,+3.52,+20.183,+17.368,+0.988
1659906900,+3.52,+20.166,+17.342,+0.987
1659907500,+3.52,+20.149,+17.163,+0.986
1659908100,+3.52,+20.108,+17.288,+0.988
1659908700,+3.52,+20.116,+17.333,+0.988
1659909300,+3.52,+20.099,+17.556,+0.989
1659909900,+3.52,+20.082,+17.747,+0.989
1659910500,+3.52,+20.091,+17.793,+0.987
1659911100,+3.52,+20.099,+17.865,+0.989
1659911700,+3.52,+20.108,+17.965,+0.989
1659912300,+3.52,+20.124,+17.891,+0.987
1659912900,+3.52,+20.116,+17.998,+0.990
1659913500,+3.52,+20.149,+17.983,+0.988
1659914100,+3.52,+20.141,+17.927,+0.988
1659914700,+3.52,+20.183,+17.716,+0.988
1659915300,+3.52,+20.191,+17.745,+0.989
1659915900,+3.52,+20.200,+17.625,+0.989
1659916500,+3.52,+20.216,+17.369,+0.988
1659917100,+3.52,+20.250,+17.225,+0.988
1659917700,+3.52,+20.258,+17.094,+0.988
1659918300,+3.52,+20.292,+17.092,+0.988
1659918900,+3.52,+20.309,+17.007,+0.989
1659919500,+3.52,+20.300,+17.025,+0.987
1659920100,+3.52,+20.300,+16.900,+0.987
1659920700,+3.52,+20.325,+17.019,+0.988
1659921300,+3.52,+20.359,+16.956,+0.988
1659921900,+3.52,+20.342,+17.184,+0.988
1659922500,+3.52,+20.367,+17.181,+0.988
1659923100,+3.52,+20.342,+17.254,+0.988
1659923700,+3.52,+20.350,+17.247,+0.987
1659924300,+3.52,+20.300,+15.025,+0.987
1659924900,+3.52,+20.292,+13.024,+0.985
1659925500,+3.52,+20.300,+11.974,+0.986
1659926100,+3.52,+20.300,+11.315,+0.985
1659926700,+3.52,+20.292,+10.875,+0.985
1659927300,+3.52,+20.309,+10.469,+0.985
1659927900,+3.52,+20.300,+10.165,+0.986
1659928500,+3.52,+20.300, +9.980,+0.985
1659929100,+3.52,+20.283, +9.910,+0.986
1659929700,+3.52,+20.275, +9.762,+0.985
1659930300,+3.52,+20.267, +9.755,+0.985
1659930900,+3.52,+20.258, +9.688,+0.986
1659931500,+3.52,+20.267, +9.538,+0.986
1659932100,+3.52,+20.258, +9.463,+0.985
1659932700,+3.52,+20.283, +9.270,+0.985
1659933300,+3.52,+20.258, +9.206,+0.986
1659933900,+3.52,+20.233, +9.070,+0.985
1659934500,+3.52,+20.225, +9.067,+0.986
1659935100,+3.52,+20.200, +8.945,+0.985
1659935700,+3.52,+20.225, +8.841,+0.985
1659936300,+3.52,+20.216, +8.770,+0.986
1659936900,+3.52,+20.183, +8.715,+0.985
1659937500,+3.52,+20.183, +8.738,+0.986
1659938100,+3.52,+20.166, +8.664,+0.986
1659938700,+3.52,+20.175, +8.569,+0.985
1659939300,+3.52,+20.158, +8.517,+0.986
1659939900,+3.52,+20.141, +8.328,+0.986
1659940500,+3.52,+20.116, +8.326,+0.986
1659941100,+3.52,+20.133, +8.203,+0.987
1659941700,+3.52,+20.133, +8.008,+0.986
1659942300,+3.52,+20.108, +7.930,+0.986
1659942900,+3.52,+20.108, +7.833,+0.986
1659943500,+3.52,+20.091, +7.797,+0.986
1659944100,+3.52,+20.108, +7.742,+0.986
1659944700,+3.52,+20.099, +7.826,+0.986
1659945300,+3.52,+20.091, +7.901,+0.986
1659945900,+3.52,+20.091, +7.954,+0.986
1659946500,+3.52,+20.082, +7.952,+0.985
1659947100,+3.52,+20.074, +8.006,+0.986
1659947700,+3.52,+20.074, +7.962,+0.985
1659948300,+3.52,+20.074, +7.917,+0.986
1659948900,+3.52,+20.066, +7.922,+0.986
1659949500,+3.52,+20.066, +7.839,+0.986
1659950100,+3.52,+20.041, +7.848,+0.986
1659950700,+3.52,+20.032, +7.703,+0.986
1659951300,+3.52,+20.049, +7.727,+0.986
1659951900,+3.52,+20.032, +7.583,+0.986
1659952500,+3.52,+20.024, +7.611,+0.986
1659953100,+3.52,+20.007, +7.641,+0.985
1659953700,+3.52,+19.990, +7.620,+0.987
1659954300,+3.52,+19.965, +7.577,+0.987
1659954900,+3.52,+19.973, +7.512,+0.986
1659955500,+3.52,+19.932, +7.422,+0.986
1659956100,+3.52,+19.932, +7.365,+0.986
1659956700,+3.52,+19.940, +7.317,+0.986
1659957300,+3.52,+19.923, +7.196,+0.986
1659957900,+3.52,+19.932, +7.112,+0.986
1659958500,+3.52,+19.999,+10.204,+0.986
1659959100,+3.52,+20.024,+12.597,+0.986
1659959700,+3.52,+20.041,+14.351,+0.986
1659960300,+3.52,+20.057,+15.625,+0.987
1659960900,+3.52,+20.091,+16.336,+0.987
1659961500,+3.52,+20.074,+16.777,+0.988
1659962100,+3.52,+20.099,+16.822,+0.987
1659962700,+3.52,+20.133,+16.784,+0.987
1659963300,+3.52,+20.158,+16.851,+0.987
1659963900,+3.52,+20.158,+16.970,+0.987
1659964500,+3.52,+20.183,+16.959,+0.987
1659965100,+3.52,+20.183,+17.012,+0.988
1659965700,+3.52,+20.208,+16.893,+0.987
1659966300,+3.52,+20.208,+16.993,+0.986
1659966900,+3.52,+20.216,+16.944,+0.987
1659967500,+3.52,+20.242,+17.034,+0.988
1659968100,+3.52,+20.267,+16.986,+0.989
1659968700,+3.52,+20.292,+16.990,+0.986
1659969300,+3.52,+20.317,+17.289,+0.989
1659969900,+3.52,+20.350,+17.371,+0.987
1659970500,+3.52,+20.376,+17.557,+0.988
1659971100,+3.52,+20.384,+17.602,+0.987
1659971700,+3.52,+20.417,+17.564,+0.989
1659972300,+3.52,+20.434,+17.726,+0.988
1659972900,+3.52,+20.443,+17.960,+0.989
1659973500,+3.52,+20.401,+16.963,+0.989
1659974100,+3.52,+20.417,+16.544,+0.989
1659974700,+3.52,+20.401,+16.554,+0.986
1659975300,+3.52,+20.392,+16.699,+0.989
1659975900,+3.52,+20.350,+16.373,+0.988
1659976500,+3.52,+20.342,+16.247,+0.986
1659977100,+3.52,+20.300,+16.376,+0.988
1659977700,+3.52,+20.267,+16.547,+0.988
1659978300,+3.52,+20.233,+16.720,+0.988
1659978900,+3.52,+20.183,+16.559,+0.988
1659979500,+3.52,+20.158,+16.628,+0.988
1659980100,+3.52,+20.133,+16.644,+0.988
1659980700,+3.52,+20.116,+16.725,+0.988
1659981300,+3.52,+20.108,+16.810,+0.988
1659981900,+3.52,+20.116,+16.958,+0.989
1659982500,+3.52,+20.124,+17.035,+0.988
1659983100,+3.52,+20.116,+17.033,+0.988
1659983700,+3.52,+20.133,+17.232,+0.986
1659984300,+3.52,+20.133,+17.698,+0.989
1659984900,+3.52,+20.141,+17.867,+0.988
1659985500,+3.52,+20.141,+17.869,+0.989
1659986100,+3.52,+20.158,+17.957,+0.990
1659986700,+3.52,+20.166,+17.701,+0.988
1659987300,+3.52,+20.183,+17.661,+0.988
1659987900,+3.52,+20.183,+17.696,+0.990
1659988500,+3.52,+20.183,+17.465,+0.989
1659989100,+3.52,+20.208,+17.439,+0.988
1659989700,+3.52,+20.233,+17.369,+0.989
1659990300,+3.52,+20.216,+17.426,+0.990
1659990900,+3.52,+20.250,+17.337,+0.988
1659991500,+3.52,+20.216,+17.337,+0.988
